Los Alamos Proton Storage Ring --- compute linear lattice properties

 'OBJET'
4869.14813176
5
1.0000000000e-03 1.0000000000e-03 1.0000000000e-03 1.0000000000e-03 0.0000000000e+00 1.0000000000e-04
0.0000000000e+00 0.0000000000e+00 0.0000000000e+00 0.0000000000e+00 0.0000000000e+00 1.0000000000e+00
 
 'PARTICUL'
PROTON
 
!=== Los Alamos PSR Lattice ===
!--- cell 0 ---
 'DRIFT'
228.646
 'MULTIPOL'  QUAD  QD
0  .Quad
50.000  10.000  0. -2.68  0.  0.  0.  0.  0.  0.  0.  0.
 0.000   0.00   0.  1.00  0.  0.  0.  0.  0.  0.  0.
6  0.1122 6.2671 -1.4982 3.5882 -2.1209 1.723
0.000   0.00   0.  1.00  0.  0.  0.  0.  0.  0.  0.
6  0.1122 6.2671 -1.4982 3.5882 -2.1209 1.723
0.  0.  0.  0.  0.  0.  0.  0.  0.  0.
2.0  ! cm
1  0.  0.  0.
 'DRIFT'
45.000
 'CHANGREF'
0.  0.  -18.
 'BEND'     SBEND  B
0  .Bend
250.774920140843  0.   12.
0. 0. 0. ! bend-fringe
4  0.2401  1.8639  -0.5572  0.3904  0.  0.
0. 0. 0. ! bend-fringe
4  0.2401  1.8639  -0.5572  0.3904  0.  0.
0.5  ! dS-bend / cm
1  0.  0.  0.
 'CHANGREF'
0.  0.  -18.
 'DRIFT'
45.000
 'MULTIPOL'  QUAD  QF
0  .Quad
50.000  10.000  0.  1.95  0.  0.  0.  0.  0.  0.  0.  0.
0.000   0.00   0.  1.00  0.  0.  0.  0.  0.  0.  0.
6  0.1122 6.2671 -1.4982 3.5882 -2.1209 1.723
0.000   0.00   0.  1.00  0.  0.  0.  0.  0.  0.  0.
6  0.1122 6.2671 -1.4982 3.5882 -2.1209 1.723
0.  0.  0.  0.  0.  0.  0.  0.  0.  0.
2.0  ! cm
1 0. 0. 0.
 'DRIFT'
228.646
 
!--- cell T ---
 'DRIFT'
228.646
 'MULTIPOL'  QUAD  QD
0  .Quad
50.000  10.000  0. -2.68  0.  0.  0.  0.  0.  0.  0.  0.
0.000   0.00   0.  1.00  0.  0.  0.  0.  0.  0.  0.
6  0.1122 6.2671 -1.4982 3.5882 -2.1209 1.723
0.000   0.00   0.  1.00  0.  0.  0.  0.  0.  0.  0.
6  0.1122 6.2671 -1.4982 3.5882 -2.1209 1.723
0.  0.  0.  0.  0.  0.  0.  0.  0.  0.
2.0  ! cm
1  0.  0.  0.
 'DRIFT'
45.000
 'CHANGREF'
0.  0.  -18.
 'BEND'     SBEND  B
0  .Bend
250.774920140843  0.   12.
0. 0. 0. ! bend-fringe
4  0.2401  1.8639  -0.5572  0.3904  0.  0.
0. 0. 0. ! bend-fringe
4  0.2401  1.8639  -0.5572  0.3904  0.  0.
0.5  ! dS-bend / cm
1  0.  0.  0.
 'CHANGREF'
0.  0.  -18.
 'DRIFT'
45.000
 'MULTIPOL'  QUAD  QF
0  .Quad
50.000  10.000  0.  1.95  0.  0.  0.  0.  0.  0.  0.  0.
0.000   0.00   0.  1.00  0.  0.  0.  0.  0.  0.  0.
6  0.1122 6.2671 -1.4982 3.5882 -2.1209 1.723
0.000   0.00   0.  1.00  0.  0.  0.  0.  0.  0.  0.
6  0.1122 6.2671 -1.4982 3.5882 -2.1209 1.723
0.  0.  0.  0.  0.  0.  0.  0.  0.  0.
2.0  ! cm
1 0. 0. 0.
 'DRIFT'
30.000
 'MULTIPOL'  SEXT  SF
0  .Sext
50.000  10.000  0.  0.  0.16  0.  0.  0.  0.  0.  0.  0.
0.000   0.00   0.  0.  1.00  0.  0.  0.  0.  0.  0.
6  0.1122 6.2671 -1.4982 3.5882 -2.1209 1.723
0.000   0.00   0.  0.  1.00  0.  0.  0.  0.  0.  0.
6  0.1122 6.2671 -1.4982 3.5882 -2.1209 1.723
0.  0.  0.  0.  0.  0.  0.  0.  0.  0.
2.0  ! cm
1  0.  0.  0.
 'DRIFT'
148.646
 
!--- cell L ---
 'DRIFT'
148.646
 'MULTIPOL'  SEXT  SD
0  .Sext
50.000  10.000  0.  0. -0.24  0.  0.  0.  0.  0.  0.  0.
0.000   0.00   0.  0.  1.00  0.  0.  0.  0.  0.  0.
6  0.1122 6.2671 -1.4982 3.5882 -2.1209 1.723
0.000   0.00   0.  0.  1.00  0.  0.  0.  0.  0.  0.
6  0.1122 6.2671 -1.4982 3.5882 -2.1209 1.723
0.  0.  0.  0.  0.  0.  0.  0.  0.  0.
2.0  ! cm
1  0.  0.  0.
 'DRIFT'
30.000
 'MULTIPOL'  QUAD  QD
0  .Quad
50.000  10.000  0. -2.68  0.  0.  0.  0.  0.  0.  0.  0.
0.000   0.00   0.  1.00  0.  0.  0.  0.  0.  0.  0.
6  0.1122 6.2671 -1.4982 3.5882 -2.1209 1.723
0.000   0.00   0.  1.00  0.  0.  0.  0.  0.  0.  0.
6  0.1122 6.2671 -1.4982 3.5882 -2.1209 1.723
0.  0.  0.  0.  0.  0.  0.  0.  0.  0.
2.0  ! cm
1  0.  0.  0.
 'DRIFT'
45.000
 'CHANGREF'
0.  0.  -18.
 'BEND'     SBEND  B
0  .Bend
250.774920140843  0.   12.
0. 0. 0. ! bend-fringe
4  0.2401  1.8639  -0.5572  0.3904  0.  0.
0. 0. 0. ! bend-fringe
4  0.2401  1.8639  -0.5572  0.3904  0.  0.
0.5  ! dS-bend / cm
1  0.  0.  0.
 'CHANGREF'
0.  0.  -18.
 'DRIFT'
45.000
 'MULTIPOL'  QUAD  QF
0  .Quad
50.000  10.000  0.  1.95  0.  0.  0.  0.  0.  0.  0.  0.
0.000   0.00   0.  1.00  0.  0.  0.  0.  0.  0.  0.
6  0.1122 6.2671 -1.4982 3.5882 -2.1209 1.723
0.000   0.00   0.  1.00  0.  0.  0.  0.  0.  0.  0.
6  0.1122 6.2671 -1.4982 3.5882 -2.1209 1.723
0.  0.  0.  0.  0.  0.  0.  0.  0.  0.
2.0  ! cm
1 0. 0. 0.
 'DRIFT'
228.646
 
!--- cell 0 ---
 'DRIFT'
228.646
 'MULTIPOL'  QUAD  QD
0  .Quad
50.000  10.000  0. -2.68  0.  0.  0.  0.  0.  0.  0.  0.
0.000   0.00   0.  1.00  0.  0.  0.  0.  0.  0.  0.
6  0.1122 6.2671 -1.4982 3.5882 -2.1209 1.723
0.000   0.00   0.  1.00  0.  0.  0.  0.  0.  0.  0.
6  0.1122 6.2671 -1.4982 3.5882 -2.1209 1.723
0.  0.  0.  0.  0.  0.  0.  0.  0.  0.
2.0  ! cm
1  0.  0.  0.
 'DRIFT'
45.000
 'CHANGREF'
0.  0.  -18.
 'BEND'     SBEND  B
0  .Bend
250.774920140843  0.   12.
0. 0. 0. ! bend-fringe
4  0.2401  1.8639  -0.5572  0.3904  0.  0.
0. 0. 0. ! bend-fringe
4  0.2401  1.8639  -0.5572  0.3904  0.  0.
0.5  ! dS-bend / cm
1  0.  0.  0.
 'CHANGREF'
0.  0.  -18.
 'DRIFT'
45.000
 'MULTIPOL'  QUAD  QF
0  .Quad
50.000  10.000  0.  1.95  0.  0.  0.  0.  0.  0.  0.  0.
0.000   0.00   0.  1.00  0.  0.  0.  0.  0.  0.  0.
6  0.1122 6.2671 -1.4982 3.5882 -2.1209 1.723
0.000   0.00   0.  1.00  0.  0.  0.  0.  0.  0.  0.
6  0.1122 6.2671 -1.4982 3.5882 -2.1209 1.723
0.  0.  0.  0.  0.  0.  0.  0.  0.  0.
2.0  ! cm
1 0. 0. 0.
 'DRIFT'
228.646
 
!--- cell 0 ---
 'DRIFT'
228.646
 'MULTIPOL'  QUAD  QD
0  .Quad
50.000  10.000  0. -2.68  0.  0.  0.  0.  0.  0.  0.  0.
0.000   0.00   0.  1.00  0.  0.  0.  0.  0.  0.  0.
6  0.1122 6.2671 -1.4982 3.5882 -2.1209 1.723
0.000   0.00   0.  1.00  0.  0.  0.  0.  0.  0.  0.
6  0.1122 6.2671 -1.4982 3.5882 -2.1209 1.723
0.  0.  0.  0.  0.  0.  0.  0.  0.  0.
2.0  ! cm
1  0.  0.  0.
 'DRIFT'
45.000
 'CHANGREF'
0.  0.  -18.
 'BEND'     SBEND  B
0  .Bend
250.774920140843  0.   12.
0. 0. 0. ! bend-fringe
4  0.2401  1.8639  -0.5572  0.3904  0.  0.
0. 0. 0. ! bend-fringe
4  0.2401  1.8639  -0.5572  0.3904  0.  0.
0.5  ! dS-bend / cm
1  0.  0.  0.
 'CHANGREF'
0.  0.  -18.
 'DRIFT'
45.000
 'MULTIPOL'  QUAD  QF
0  .Quad
50.000  10.000  0.  1.95  0.  0.  0.  0.  0.  0.  0.  0.
0.000   0.00   0.  1.00  0.  0.  0.  0.  0.  0.  0.
6  0.1122 6.2671 -1.4982 3.5882 -2.1209 1.723
0.000   0.00   0.  1.00  0.  0.  0.  0.  0.  0.  0.
6  0.1122 6.2671 -1.4982 3.5882 -2.1209 1.723
0.  0.  0.  0.  0.  0.  0.  0.  0.  0.
2.0  ! cm
1 0. 0. 0.
 'DRIFT'
228.646
 
!--- cell 0 ---
 'DRIFT'
228.646
 'MULTIPOL'  QUAD  QD
0  .Quad
50.000  10.000  0. -2.68  0.  0.  0.  0.  0.  0.  0.  0.
0.000   0.00   0.  1.00  0.  0.  0.  0.  0.  0.  0.
6  0.1122 6.2671 -1.4982 3.5882 -2.1209 1.723
0.000   0.00   0.  1.00  0.  0.  0.  0.  0.  0.  0.
6  0.1122 6.2671 -1.4982 3.5882 -2.1209 1.723
0.  0.  0.  0.  0.  0.  0.  0.  0.  0.
2.0  ! cm
1  0.  0.  0.
 'DRIFT'
45.000
 'CHANGREF'
0.  0.  -18.
 'BEND'     SBEND  B
0  .Bend
250.774920140843  0.   12.
0. 0. 0. ! bend-fringe
4  0.2401  1.8639  -0.5572  0.3904  0.  0.
0. 0. 0. ! bend-fringe
4  0.2401  1.8639  -0.5572  0.3904  0.  0.
0.5  ! dS-bend / cm
1  0.  0.  0.
 'CHANGREF'
0.  0.  -18.
 'DRIFT'
45.000
 'MULTIPOL'  QUAD  QF
0  .Quad
50.000  10.000  0.  1.95  0.  0.  0.  0.  0.  0.  0.  0.
0.000   0.00   0.  1.00  0.  0.  0.  0.  0.  0.  0.
6  0.1122 6.2671 -1.4982 3.5882 -2.1209 1.723
0.000   0.00   0.  1.00  0.  0.  0.  0.  0.  0.  0.
6  0.1122 6.2671 -1.4982 3.5882 -2.1209 1.723
0.  0.  0.  0.  0.  0.  0.  0.  0.  0.
2.0  ! cm
1 0. 0. 0.
 'DRIFT'
228.646
 
!--- cell T ---
 'DRIFT'
228.646
 'MULTIPOL'  QUAD  QD
0  .Quad
50.000  10.000  0. -2.68  0.  0.  0.  0.  0.  0.  0.  0.
0.000   0.00   0.  1.00  0.  0.  0.  0.  0.  0.  0.
6  0.1122 6.2671 -1.4982 3.5882 -2.1209 1.723
0.000   0.00   0.  1.00  0.  0.  0.  0.  0.  0.  0.
6  0.1122 6.2671 -1.4982 3.5882 -2.1209 1.723
0.  0.  0.  0.  0.  0.  0.  0.  0.  0.
2.0  ! cm
1  0.  0.  0.
 'DRIFT'
45.000
 'CHANGREF'
0.  0.  -18.
 'BEND'     SBEND  B
0  .Bend
250.774920140843  0.   12.
0. 0. 0. ! bend-fringe
4  0.2401  1.8639  -0.5572  0.3904  0.  0.
0. 0. 0. ! bend-fringe
4  0.2401  1.8639  -0.5572  0.3904  0.  0.
0.5  ! dS-bend / cm
1  0.  0.  0.
 'CHANGREF'
0.  0.  -18.
 'DRIFT'
45.000
 'MULTIPOL'  QUAD  QF
0  .Quad
50.000  10.000  0.  1.95  0.  0.  0.  0.  0.  0.  0.  0.
0.000   0.00   0.  1.00  0.  0.  0.  0.  0.  0.  0.
6  0.1122 6.2671 -1.4982 3.5882 -2.1209 1.723
0.000   0.00   0.  1.00  0.  0.  0.  0.  0.  0.  0.
6  0.1122 6.2671 -1.4982 3.5882 -2.1209 1.723
0.  0.  0.  0.  0.  0.  0.  0.  0.  0.
2.0  ! cm
1 0. 0. 0.
 'DRIFT'
30.000
 'MULTIPOL'  SEXT  SF
0  .Sext
50.000  10.000  0.  0.  0.16  0.  0.  0.  0.  0.  0.  0.
0.000   0.00   0.  0.  1.00  0.  0.  0.  0.  0.  0.
6  0.1122 6.2671 -1.4982 3.5882 -2.1209 1.723
0.000   0.00   0.  0.  1.00  0.  0.  0.  0.  0.  0.
6  0.1122 6.2671 -1.4982 3.5882 -2.1209 1.723
0.  0.  0.  0.  0.  0.  0.  0.  0.  0.
2.0  ! cm
1  0.  0.  0.
 'DRIFT'
148.646
 
!--- cell L ---
 'DRIFT'
148.646
 'MULTIPOL'  SEXT  SD
0  .Sext
50.000  10.000  0.  0. -0.24  0.  0.  0.  0.  0.  0.  0.
0.000   0.00   0.  0.  1.00  0.  0.  0.  0.  0.  0.
6  0.1122 6.2671 -1.4982 3.5882 -2.1209 1.723
0.000   0.00   0.  0.  1.00  0.  0.  0.  0.  0.  0.
6  0.1122 6.2671 -1.4982 3.5882 -2.1209 1.723
0.  0.  0.  0.  0.  0.  0.  0.  0.  0.
2.0  ! cm
1  0.  0.  0.
 'DRIFT'
30.000
 'MULTIPOL'  QUAD  QD
0  .Quad
50.000  10.000  0. -2.68  0.  0.  0.  0.  0.  0.  0.  0.
0.000   0.00   0.  1.00  0.  0.  0.  0.  0.  0.  0.
6  0.1122 6.2671 -1.4982 3.5882 -2.1209 1.723
0.000   0.00   0.  1.00  0.  0.  0.  0.  0.  0.  0.
6  0.1122 6.2671 -1.4982 3.5882 -2.1209 1.723
0.  0.  0.  0.  0.  0.  0.  0.  0.  0.
2.0  ! cm
1  0.  0.  0.
 'DRIFT'
45.000
 'CHANGREF'
0.  0.  -18.
 'BEND'     SBEND  B
0  .Bend
250.774920140843  0.   12.
0. 0. 0. ! bend-fringe
4  0.2401  1.8639  -0.5572  0.3904  0.  0.
0. 0. 0. ! bend-fringe
4  0.2401  1.8639  -0.5572  0.3904  0.  0.
0.5  ! dS-bend / cm
1  0.  0.  0.
 'CHANGREF'
0.  0.  -18.
 'DRIFT'
45.000
 'MULTIPOL'  QUAD  QF
0  .Quad
50.000  10.000  0.  1.95  0.  0.  0.  0.  0.  0.  0.  0.
0.000   0.00   0.  1.00  0.  0.  0.  0.  0.  0.  0.
6  0.1122 6.2671 -1.4982 3.5882 -2.1209 1.723
0.000   0.00   0.  1.00  0.  0.  0.  0.  0.  0.  0.
6  0.1122 6.2671 -1.4982 3.5882 -2.1209 1.723
0.  0.  0.  0.  0.  0.  0.  0.  0.  0.
2.0  ! cm
1 0. 0. 0.
 'DRIFT'
228.646
 
!--- cell 0 ---
 'DRIFT'
228.646
 'MULTIPOL'  QUAD  QD
0  .Quad
50.000  10.000  0. -2.68  0.  0.  0.  0.  0.  0.  0.  0.
0.000   0.00   0.  1.00  0.  0.  0.  0.  0.  0.  0.
6  0.1122 6.2671 -1.4982 3.5882 -2.1209 1.723
0.000   0.00   0.  1.00  0.  0.  0.  0.  0.  0.  0.
6  0.1122 6.2671 -1.4982 3.5882 -2.1209 1.723
0.  0.  0.  0.  0.  0.  0.  0.  0.  0.
2.0  ! cm
1  0.  0.  0.
 'DRIFT'
45.000
 'CHANGREF'
0.  0.  -18.
 'BEND'     SBEND  B
0  .Bend
250.774920140843  0.   12.
0. 0. 0. ! bend-fringe
4  0.2401  1.8639  -0.5572  0.3904  0.  0.
0. 0. 0. ! bend-fringe
4  0.2401  1.8639  -0.5572  0.3904  0.  0.
0.5  ! dS-bend / cm
1  0.  0.  0.
 'CHANGREF'
0.  0.  -18.
 'DRIFT'
45.000
 'MULTIPOL'  QUAD  QF
0  .Quad
50.000  10.000  0.  1.95  0.  0.  0.  0.  0.  0.  0.  0.
0.000   0.00   0.  1.00  0.  0.  0.  0.  0.  0.  0.
6  0.1122 6.2671 -1.4982 3.5882 -2.1209 1.723
0.000   0.00   0.  1.00  0.  0.  0.  0.  0.  0.  0.
6  0.1122 6.2671 -1.4982 3.5882 -2.1209 1.723
0.  0.  0.  0.  0.  0.  0.  0.  0.  0.
2.0  ! cm
1 0. 0. 0.
 'DRIFT'
228.646
 
!--- cell 0 ---
 'DRIFT'
228.646
 'MULTIPOL'  QUAD  QD
0  .Quad
50.000  10.000  0. -2.68  0.  0.  0.  0.  0.  0.  0.  0.
0.000   0.00   0.  1.00  0.  0.  0.  0.  0.  0.  0.
6  0.1122 6.2671 -1.4982 3.5882 -2.1209 1.723
0.000   0.00   0.  1.00  0.  0.  0.  0.  0.  0.  0.
6  0.1122 6.2671 -1.4982 3.5882 -2.1209 1.723
0.  0.  0.  0.  0.  0.  0.  0.  0.  0.
2.0  ! cm
1  0.  0.  0.
 'DRIFT'
45.000
 'CHANGREF'
0.  0.  -18.
 'BEND'     SBEND  B
0  .Bend
250.774920140843  0.   12.
0. 0. 0. ! bend-fringe
4  0.2401  1.8639  -0.5572  0.3904  0.  0.
0. 0. 0. ! bend-fringe
4  0.2401  1.8639  -0.5572  0.3904  0.  0.
0.5  ! dS-bend / cm
1  0.  0.  0.
 'CHANGREF'
0.  0.  -18.
 'DRIFT'
45.000
 'MULTIPOL'  QUAD  QF
0  .Quad
50.000  10.000  0.  1.95  0.  0.  0.  0.  0.  0.  0.  0.
0.000   0.00   0.  1.00  0.  0.  0.  0.  0.  0.  0.
6  0.1122 6.2671 -1.4982 3.5882 -2.1209 1.723
0.000   0.00   0.  1.00  0.  0.  0.  0.  0.  0.  0.
6  0.1122 6.2671 -1.4982 3.5882 -2.1209 1.723
0.  0.  0.  0.  0.  0.  0.  0.  0.  0.
2.0  ! cm
1 0. 0. 0.
 'DRIFT'
228.646
!======== End Lattice =========

 'FAISTORE'
zgoubi.fai
1
 
 'TWISS'
2 1.0 1.0
 
 'END'

