PSR, single cell: effect of step size on computed tunes
 'OBJET'
4869.14813176                         ! B.rho / kG.cm
5                                     ! for use with MATRIX, IORD = 1
0.001 0.01  0.001 0.01  0.001 0.0001  ! dY/cm dT/mr dZ/cm dP/mr dS/cm dD/1
0.    0.    0.    0.    0.    1.      ! Y0/cm T0/m0 Z0/cm P0/m0 S0/cm D0/1
 
 'PARTICUL'
PROTON
 
!=========== Los Alamos PSR Lattice ===========
!--- cell 0 ---
 'DRIFT'
228.646

 'MULTIPOL'  QUAD  QD
0  .Quad
50.000  10.000  0. -2.68  0.  0.  0.  0.  0.  0.  0.  0.
0.000   0.00   0.  1.00  0.  0.  0.  0.  0.  0.  0.
6  0.1122 6.2671 -1.4982 3.5882 -2.1209 1.723
0.000   0.00   0.  1.00  0.  0.  0.  0.  0.  0.  0.
6  0.1122 6.2671 -1.4982 3.5882 -2.1209 1.723
0.  0.  0.  0.  0.  0.  0.  0.  0.  0.
2.0  ! cm
1  0.  0.  0.

 'DRIFT'
45.000

 'CHANGREF'
0.  0.  -18.
 'BEND'     SBEND  B
0  .Bend
250.774920140843  0.   12.
0. 0. 0. ! bend-fringe
4  0.2401  1.8639  -0.5572  0.3904  0.  0.
0. 0. 0. ! bend-fringe
4  0.2401  1.8639  -0.5572  0.3904  0.  0.
0.5  ! dS-bend / cm
1  0.  0.  0.
 'CHANGREF'
0.  0.  -18.

 'DRIFT'
45.000

 'MULTIPOL'  QUAD  QF
0  .Quad
50.000  10.000  0.  1.95  0.  0.  0.  0.  0.  0.  0.  0.
0.000   0.00   0.  1.00  0.  0.  0.  0.  0.  0.  0.
6  0.1122 6.2671 -1.4982 3.5882 -2.1209 1.723
0.000   0.00   0.  1.00  0.  0.  0.  0.  0.  0.  0.
6  0.1122 6.2671 -1.4982 3.5882 -2.1209 1.723
0.  0.  0.  0.  0.  0.  0.  0.  0.  0.
2.0  ! cm
1 0. 0. 0.

 'DRIFT'
228.646
!==============================================
 
 'MATRIX'
1 11  PRINT
 
 'REBELOTE'
10 1.1 0 1
2
MULTIPOL{QUAD,QD}  60  25.0  20.0  15.0  10.0  5.0  2.5  1.0  0.50  0.25  0.10
MULTIPOL{QUAD,QF}  60  25.0  20.0  15.0  10.0  5.0  2.5  1.0  0.50  0.25  0.10
 
 'END'
