RACCAM spiral
'OBJET'
2.029478969206e+03
2
1 1
3.35e+02 0.0 0.0 0.0 0.0 1.0 ' '
1 
'PARTICUL'  
9.382720300000e+02 1.602176487000e-19 1.792847350500e+00 0.0 0.0

'FFAG-SPI' ffag_spi 
2
1 4.5e+01 3.48e+02
0.0 0.0 1.5e+01 4.415
3.0 -1.0
4 1.455000000000e-01 2.267000000000e+00 -6.395000000000e-01 1.155800000000e+00 0.0 0.0 0.0
8.550000000000e+00 5.036000000000e+01 0.0 0.0 0.0 0.00
3. -1.0
4 1.455000000000e-01 2.267000000000e+00 -6.395000000000e-01 1.155800000000e+00 0.0 0. 0.0
-8.55 5.036e+01 0.0 0.0 0.0 0.0
0.0 -1.0
0 0.0 0.0 0.0 0.0 0.0 0.0 0.0
0.0 0.0 0.0 0.0 0.0 0.0
2 10
4.150000000000e-01
2 0.0 0.0 0.0 0.0

'FAISCNL'  
zgoubi.fai

'REBELOTE'  
0 0 99

'END'
