  Microsonde / Bqpole
  'OBJET'
  20.435                                          H+, 20keV
  6
  .01  .01 .01  .01 .01 .0001
  0. 0. 0. 0. 0. 1.
   'PARTICUL'
    938.2723 1.60217733E-19 0. 0. 0.
  'ESL'
  500.
  'ESL'
  59.
  'EBMULT'                                        FIRST QUADRUPOLE
   0
 ****    ELECTRIC Q-POLE COMPONENT
   0.  0.  0.  0.  0.  0.  0. 0. 0. 0. 0.         ENTRANCE EFB, SHARP EDGE
  6  .1122 6.2671 -1.4982 3.5882 -2.1209 1.723
   0.  0.  0.  0.  0.  0.  0. 0. 0. 0. 0.         EXIT EFB, SHARP EDGE
  6  .1122 6.2671 -1.4982 3.5882 -2.1209 1.723
   0. 0. 0. 0. 0. 0. 0. 0. 0. 0.
 ****  MAGNETIC Q-POLE COMPONENT
   0.  0.  0.  0.  0.  0.  0.   0. 0. 0. 0.       ENTRANCE EFB, SHARP EDGE
  6  .1122 6.2671 -1.4982 3.5882 -2.1209 1.723
   0.  0.  0.  0.  0.  0.  0.   0. 0. 0. 0.       EXIT EFB, SHARP EDGE
  6  .1122 6.2671 -1.4982 3.5882 -2.1209 1.723
  0.  0. 0. 0. 0. 0. 0. 0. 0. 0.
  .1
  1 0. 0. 0.
  'ESL'
  4.9
  'EBMULT'                                        SECOND QUADRUPOLE
   0
 ****
   0.  0.  0.  0.  0.  0.  0.  0. 0. 0. 0.
  6  .1122 6.2671 -1.4982 3.5882 -2.1209 1.723
   0.  0.  0.  0.  0.  0.  0.  0. 0. 0. 0.
  6  .1122 6.2671 -1.4982 3.5882 -2.1209 1.723
  0. 0. 0. 0. 0. 0. 0. 0. 0. 0.
 ****
   0.  0.  0.  0.  0.  0.  0.  0. 0. 0. 0.
  6  .1122 6.2671 -1.4982 3.5882 -2.1209 1.723
   0.  0.  0.  0.  0.  0.  0.  0. 0. 0. 0.
  6  .1122 6.2671 -1.4982 3.5882 -2.1209 1.723
  0. 0. 0. 0. 0. 0. 0. 0. 0. 0.
  .1
  1 0. 0. 0.
  'ESL'
  25.
 'MATRIX'
  1 0
 'IMAGE'
 'IMAGEZ'
  'HISTO'

  20  'Y'  1  'Q'
  'HISTO'

  20  'Z'  1  'Q'
  'END'
