  5.26846000E-02  1.10000000E+01     1    0.00000000E+00  0.00000000E+00 -7.20951100E+01  1.58173989E+00  1.58173989E+00 tauCell, Ekin, co#
  5.02436500E-02  1.23000000E+01     2    0.00000000E+00 -1.11022302E-16  2.29285330E+01  1.65858438E+00  1.65858438E+00 tauCell, Ekin, co#
  4.80102700E-02  1.36600000E+01     3    0.00000000E+00  0.00000000E+00  1.22337883E+02  1.73573974E+00  1.73573974E+00 tauCell, Ekin, co#
  4.59537100E-02  1.51000000E+01     4    6.93889390E-18  0.00000000E+00  2.27594841E+02  1.81341905E+00  1.81341905E+00 tauCell, Ekin, co#
  4.41387400E-02  1.66100000E+01     5    0.00000000E+00  0.00000000E+00  3.37968457E+02  1.88798623E+00  1.88798623E+00 tauCell, Ekin, co#
  4.24472300E-02  1.81900000E+01     6    0.00000000E+00 -1.11022302E-16  4.53458731E+02  1.96322194E+00  1.96322194E+00 tauCell, Ekin, co#
  4.09043200E-02  1.98400000E+01     7    0.00000000E+00  0.00000000E+00  5.74065662E+02  2.03727463E+00  2.03727463E+00 tauCell, Ekin, co#
  3.94917300E-02  2.15600000E+01     8    0.00000000E+00  0.00000000E+00  6.99789252E+02  2.11014644E+00  2.11014644E+00 tauCell, Ekin, co#
  3.81940600E-02  2.33400000E+01     9    0.00000000E+00  0.00000000E+00  8.29898547E+02  2.18184014E+00  2.18184014E+00 tauCell, Ekin, co#
  3.69615300E-02  2.52000000E+01    10    0.00000000E+00  0.00000000E+00  9.65855452E+02  2.25459642E+00  2.25459642E+00 tauCell, Ekin, co#
  3.58576800E-02  2.71200000E+01    11    0.00000000E+00  0.00000000E+00  1.10619806E+03  2.32400237E+00  2.32400237E+00 tauCell, Ekin, co#
  3.48006000E-02  2.91100000E+01    12    0.00000000E+00  0.00000000E+00  1.25165733E+03  2.39459473E+00  2.39459473E+00 tauCell, Ekin, co#
  3.38184600E-02  3.11600000E+01    13    0.00000000E+00  0.00000000E+00  1.40150231E+03  2.46413744E+00  2.46413744E+00 tauCell, Ekin, co#
  3.29038800E-02  3.32900000E+01    14    6.93889390E-18  0.00000000E+00  1.55719489E+03  2.53262938E+00  2.53262938E+00 tauCell, Ekin, co#
  3.20504000E-02  3.54800000E+01    15   -6.93889390E-18  0.00000000E+00  1.71727318E+03  2.60007155E+00  2.60007155E+00 tauCell, Ekin, co#
  3.12220700E-02  3.77300000E+01    16    0.00000000E+00 -5.55111512E-17  1.88173718E+03  2.66905216E+00  2.66905216E+00 tauCell, Ekin, co#
  3.04753300E-02  4.00600000E+01    17   -3.46944695E-18  5.55111512E-17  2.05204879E+03  2.73445221E+00  2.73445221E+00 tauCell, Ekin, co#
  2.97745900E-02  4.24400000E+01    18    0.00000000E+00  0.00000000E+00  2.22601515E+03  2.79880708E+00  2.79880708E+00 tauCell, Ekin, co#
  2.90880500E-02  4.48900000E+01    19   -6.93889390E-18  5.55111512E-17  2.40509817E+03  2.86486490E+00  2.86486490E+00 tauCell, Ekin, co#
  2.84687700E-02  4.74100000E+01    20    0.00000000E+00  0.00000000E+00  2.58929785E+03  2.92718419E+00  2.92718419E+00 tauCell, Ekin, co#
  2.78584300E-02  4.99900000E+01    21    0.00000000E+00  0.00000000E+00  2.77788323E+03  2.99131478E+00  2.99131478E+00 tauCell, Ekin, co#
  2.72820700E-02  5.26300000E+01    22   -6.93889390E-18  0.00000000E+00  2.97085432E+03  3.05450918E+00  3.05450918E+00 tauCell, Ekin, co#
  2.67371100E-02  5.53300000E+01    23    6.93889390E-18  0.00000000E+00  3.16821112E+03  3.11676667E+00  3.11676667E+00 tauCell, Ekin, co#
  2.62212000E-02  5.81000000E+01    24    0.00000000E+00  0.00000000E+00  3.37068457E+03  3.17808999E+00  3.17808999E+00 tauCell, Ekin, co#
  2.57322300E-02  6.09200000E+01    25    0.00000000E+00  0.00000000E+00  3.57681278E+03  3.23848082E+00  3.23848082E+00 tauCell, Ekin, co#
  2.52683100E-02  6.38100000E+01    26   -6.93889390E-18  0.00000000E+00  3.78805765E+03  3.29793854E+00  3.29793854E+00 tauCell, Ekin, co#
  2.48276800E-02  6.67600000E+01    27    0.00000000E+00  0.00000000E+00  4.00368822E+03  3.35646880E+00  3.35646880E+00 tauCell, Ekin, co#
  2.44087900E-02  6.97700000E+01    28    0.00000000E+00  5.55111512E-17  4.22370450E+03  3.41407064E+00  3.41407064E+00 tauCell, Ekin, co#
  2.40101800E-02  7.28400000E+01    29    0.00000000E+00  0.00000000E+00  4.44810649E+03  3.47075005E+00  3.47075005E+00 tauCell, Ekin, co#
  2.36085900E-02  7.59600000E+01    30    0.00000000E+00  0.00000000E+00  4.67616324E+03  3.52978866E+00  3.52978866E+00 tauCell, Ekin, co#
  2.32471200E-02  7.91500000E+01    31   -3.46944695E-18  0.00000000E+00  4.90933664E+03  3.58467343E+00  3.58467343E+00 tauCell, Ekin, co#
  2.29023000E-02  8.23900000E+01    32    0.00000000E+00  0.00000000E+00  5.14616479E+03  3.63864474E+00  3.63864474E+00 tauCell, Ekin, co#
  2.25523000E-02  8.56900000E+01    33    6.93889390E-18  0.00000000E+00  5.38737866E+03  3.69511462E+00  3.69511462E+00 tauCell, Ekin, co#
  2.22381600E-02  8.90500000E+01    34   -3.46944695E-18  0.00000000E+00  5.63297823E+03  3.74731243E+00  3.74731243E+00 tauCell, Ekin, co#
  2.19177000E-02  9.24600000E+01    35    0.00000000E+00  0.00000000E+00  5.88223255E+03  3.80210211E+00  3.80210211E+00 tauCell, Ekin, co#
  2.16307400E-02  9.59300000E+01    36    0.00000000E+00  5.55111512E-17  6.13587258E+03  3.85254195E+00  3.85254195E+00 tauCell, Ekin, co#
  2.13365400E-02  9.94500000E+01    37    0.00000000E+00 -5.55111512E-17  6.39316737E+03  3.90566293E+00  3.90566293E+00 tauCell, Ekin, co#
  2.10737600E-02  1.03030000E+02    38    0.00000000E+00  5.55111512E-17  6.65484786E+03  3.95436473E+00  3.95436473E+00 tauCell, Ekin, co#
  2.08030000E-02  1.06660000E+02    39   -3.46944695E-18  0.00000000E+00  6.92018311E+03  4.00583249E+00  4.00583249E+00 tauCell, Ekin, co#
  2.05431400E-02  1.10340000E+02    40    0.00000000E+00  0.00000000E+00  7.18917312E+03  4.05650418E+00  4.05650418E+00 tauCell, Ekin, co#
  2.02936300E-02  1.14080000E+02    41    0.00000000E+00 -2.77555756E-17  7.46254883E+03  4.10637887E+00  4.10637887E+00 tauCell, Ekin, co#
  2.00720800E-02  1.17870000E+02    42    0.00000000E+00  2.77555756E-17  7.73957930E+03  4.15170393E+00  4.15170393E+00 tauCell, Ekin, co#
  1.98414300E-02  1.21710000E+02    43    0.00000000E+00  0.00000000E+00  8.02026452E+03  4.19996610E+00  4.19996610E+00 tauCell, Ekin, co#
  1.96196200E-02  1.25600000E+02    44    3.46944695E-18  0.00000000E+00  8.30460450E+03  4.24744890E+00  4.24744890E+00 tauCell, Ekin, co#
  1.94062200E-02  1.29550000E+02    45    0.00000000E+00  0.00000000E+00  8.59333018E+03  4.29415586E+00  4.29415586E+00 tauCell, Ekin, co#
  1.92008100E-02  1.33540000E+02    46    0.00000000E+00  2.77555756E-17  8.88497967E+03  4.34009468E+00  4.34009468E+00 tauCell, Ekin, co#
  1.90030100E-02  1.37580000E+02    47    0.00000000E+00  0.00000000E+00  9.18028391E+03  4.38527019E+00  4.38527019E+00 tauCell, Ekin, co#
  1.88124700E-02  1.41670000E+02    48    0.00000000E+00 -2.77555756E-17  9.47924291E+03  4.42968591E+00  4.42968591E+00 tauCell, Ekin, co#
  1.86288400E-02  1.45810000E+02    49    0.00000000E+00  0.00000000E+00  9.78185667E+03  4.47335064E+00  4.47335064E+00 tauCell, Ekin, co#
  1.84518000E-02  1.50000000E+02    50    0.00000000E+00  0.00000000E+00  1.00881252E+04  4.51627122E+00  4.51627122E+00 tauCell, Ekin, co#
