PSR
 
 'OPTIONS'                                                                                                    1
1 1
WRITE OFF
 
 
 'OBJET'                                                                                                      2
BRHO_0
2
3 3
0.000000000000e+00 0.000000000000e+00 0.000000000000e+00 0.000000000000e+00 0.000000000000e+00 1.000000000000e+00 ' '
0.000000000000e+00 0.000000000000e+00 5.000000000000e-02 0.000000000000e+00 0.000000000000e+00 1.000000000000e+00 ' '
0.000000000000e+00 0.000000000000e+00 1.000000000000e-01 0.000000000000e+00 0.000000000000e+00 1.000000000000e+00 ' '
1 1 1
 'PARTICUL'                                                                                                   3
9.382720300000e+02 1.602176487000e-19 1.792847350500e+00 0.000000000000e+00 0.000000000000e+00
 
 'SPNTRK'                                                                                                     4
3
 
 
 'FAISTORE'                                                                                                   5
zgoubi.fai
1
 
 
 'SCALING'                                                                                                    6
1 2
BEND
2
BRHO_0 BRHO_f
1 NTurns
MULTIPOL
2
BRHO_0 BRHO_f
1 NTurns
 
 
 'DRIFT' D1                                                                                                   7
2.286460000000e+02
 
 'MULTIPOL' QUAD-D                                                                                            8
0
5.000000000000e+01 1.000000000000e+01 0.000000000000e+00 -5.504042858173e-01 0.000000000000e+00 0.000000000000e+00 0.000000000000e+00 0.000000000000e+00 0.000000000000e+00 0.000000000000e+00 0.000000000000e+00 0.000000000000e+00
0.000000000000e+00 0.000000000000e+00 0.000000000000e+00 1.000000000000e+00 0.000000000000e+00 0.000000000000e+00 0.000000000000e+00 0.000000000000e+00 0.000000000000e+00 0.000000000000e+00 0.000000000000e+00
0 1.122000000000e-01 6.267100000000e+00 -1.498200000000e+00 3.588200000000e+00 -2.120900000000e+00 1.723000000000e+00
0.000000000000e+00 0.000000000000e+00 0.000000000000e+00 1.000000000000e+00 0.000000000000e+00 0.000000000000e+00 0.000000000000e+00 0.000000000000e+00 0.000000000000e+00 0.000000000000e+00 0.000000000000e+00
0 1.122000000000e-01 6.267100000000e+00 -1.498200000000e+00 3.588200000000e+00 -2.120900000000e+00 1.723000000000e+00
0.000000000000e+00 0.000000000000e+00 0.000000000000e+00 0.000000000000e+00 0.000000000000e+00 0.000000000000e+00 0.000000000000e+00 0.000000000000e+00 0.000000000000e+00 0.000000000000e+00
2.000000000000e+00
1 0.000000000000e+00 0.000000000000e+00 0.000000000000e+00
 
 'DRIFT' D2                                                                                                   9
4.500000000000e+01
 
 'CHANGREF' C1                                                                                               10
0.000000000000e+00 0.000000000000e+00 -1.800000000000e+01
 
 'BEND' SBEND                                                                                                11
0
2.507749201410e+02 0.000000000000e+00 2.464496802167e+00
0.000000000000e+00 0.000000000000e+00 0.000000000000e+00
4 2.401000000000e-01 1.863900000000e+00 -5.572000000000e-01 3.904000000000e-01 0.000000000000e+00 0.000000000000e+00
0.000000000000e+00 0.000000000000e+00 0.000000000000e+00
4 2.401000000000e-01 1.863900000000e+00 -5.572000000000e-01 3.904000000000e-01 0.000000000000e+00 0.000000000000e+00
2.000000000000e+00
1 0.000000000000e+00 0.000000000000e+00 0.000000000000e+00
 
 'CHANGREF' C1                                                                                               12
0.000000000000e+00 0.000000000000e+00 -1.800000000000e+01
 
 'DRIFT' D2                                                                                                  13
4.500000000000e+01
 
 'MULTIPOL' QUAD-F                                                                                           14
0
5.000000000000e+01 1.000000000000e+01 0.000000000000e+00 4.004807303521e-01 0.000000000000e+00 0.000000000000e+00 0.000000000000e+00 0.000000000000e+00 0.000000000000e+00 0.000000000000e+00 0.000000000000e+00 0.000000000000e+00
0.000000000000e+00 0.000000000000e+00 0.000000000000e+00 1.000000000000e+00 0.000000000000e+00 0.000000000000e+00 0.000000000000e+00 0.000000000000e+00 0.000000000000e+00 0.000000000000e+00 0.000000000000e+00
0 1.122000000000e-01 6.267100000000e+00 -1.498200000000e+00 3.588200000000e+00 -2.120900000000e+00 1.723000000000e+00
0.000000000000e+00 0.000000000000e+00 0.000000000000e+00 1.000000000000e+00 0.000000000000e+00 0.000000000000e+00 0.000000000000e+00 0.000000000000e+00 0.000000000000e+00 0.000000000000e+00 0.000000000000e+00
0 1.122000000000e-01 6.267100000000e+00 -1.498200000000e+00 3.588200000000e+00 -2.120900000000e+00 1.723000000000e+00
0.000000000000e+00 0.000000000000e+00 0.000000000000e+00 0.000000000000e+00 0.000000000000e+00 0.000000000000e+00 0.000000000000e+00 0.000000000000e+00 0.000000000000e+00 0.000000000000e+00
2.000000000000e+00
1 0.000000000000e+00 0.000000000000e+00 0.000000000000e+00
 
 'DRIFT' D1                                                                                                  15
2.286460000000e+02
 
 'DRIFT' D1                                                                                                  16
2.286460000000e+02
 
 'MULTIPOL' QUAD-D                                                                                           17
0
5.000000000000e+01 1.000000000000e+01 0.000000000000e+00 -5.504042858173e-01 0.000000000000e+00 0.000000000000e+00 0.000000000000e+00 0.000000000000e+00 0.000000000000e+00 0.000000000000e+00 0.000000000000e+00 0.000000000000e+00
0.000000000000e+00 0.000000000000e+00 0.000000000000e+00 1.000000000000e+00 0.000000000000e+00 0.000000000000e+00 0.000000000000e+00 0.000000000000e+00 0.000000000000e+00 0.000000000000e+00 0.000000000000e+00
0 1.122000000000e-01 6.267100000000e+00 -1.498200000000e+00 3.588200000000e+00 -2.120900000000e+00 1.723000000000e+00
0.000000000000e+00 0.000000000000e+00 0.000000000000e+00 1.000000000000e+00 0.000000000000e+00 0.000000000000e+00 0.000000000000e+00 0.000000000000e+00 0.000000000000e+00 0.000000000000e+00 0.000000000000e+00
0 1.122000000000e-01 6.267100000000e+00 -1.498200000000e+00 3.588200000000e+00 -2.120900000000e+00 1.723000000000e+00
0.000000000000e+00 0.000000000000e+00 0.000000000000e+00 0.000000000000e+00 0.000000000000e+00 0.000000000000e+00 0.000000000000e+00 0.000000000000e+00 0.000000000000e+00 0.000000000000e+00
2.000000000000e+00
1 0.000000000000e+00 0.000000000000e+00 0.000000000000e+00
 
 'DRIFT' D2                                                                                                  18
4.500000000000e+01
 
 'CHANGREF' C1                                                                                               19
0.000000000000e+00 0.000000000000e+00 -1.800000000000e+01
 
 'BEND' SBEND                                                                                                20
0
2.507749201410e+02 0.000000000000e+00 2.464496802167e+00
0.000000000000e+00 0.000000000000e+00 0.000000000000e+00
4 2.401000000000e-01 1.863900000000e+00 -5.572000000000e-01 3.904000000000e-01 0.000000000000e+00 0.000000000000e+00
0.000000000000e+00 0.000000000000e+00 0.000000000000e+00
4 2.401000000000e-01 1.863900000000e+00 -5.572000000000e-01 3.904000000000e-01 0.000000000000e+00 0.000000000000e+00
2.000000000000e+00
1 0.000000000000e+00 0.000000000000e+00 0.000000000000e+00
 
 'CHANGREF' C1                                                                                               21
0.000000000000e+00 0.000000000000e+00 -1.800000000000e+01
 
 'DRIFT' D2                                                                                                  22
4.500000000000e+01
 
 'MULTIPOL' QUAD-F                                                                                           23
0
5.000000000000e+01 1.000000000000e+01 0.000000000000e+00 4.004807303521e-01 0.000000000000e+00 0.000000000000e+00 0.000000000000e+00 0.000000000000e+00 0.000000000000e+00 0.000000000000e+00 0.000000000000e+00 0.000000000000e+00
0.000000000000e+00 0.000000000000e+00 0.000000000000e+00 1.000000000000e+00 0.000000000000e+00 0.000000000000e+00 0.000000000000e+00 0.000000000000e+00 0.000000000000e+00 0.000000000000e+00 0.000000000000e+00
0 1.122000000000e-01 6.267100000000e+00 -1.498200000000e+00 3.588200000000e+00 -2.120900000000e+00 1.723000000000e+00
0.000000000000e+00 0.000000000000e+00 0.000000000000e+00 1.000000000000e+00 0.000000000000e+00 0.000000000000e+00 0.000000000000e+00 0.000000000000e+00 0.000000000000e+00 0.000000000000e+00 0.000000000000e+00
0 1.122000000000e-01 6.267100000000e+00 -1.498200000000e+00 3.588200000000e+00 -2.120900000000e+00 1.723000000000e+00
0.000000000000e+00 0.000000000000e+00 0.000000000000e+00 0.000000000000e+00 0.000000000000e+00 0.000000000000e+00 0.000000000000e+00 0.000000000000e+00 0.000000000000e+00 0.000000000000e+00
2.000000000000e+00
1 0.000000000000e+00 0.000000000000e+00 0.000000000000e+00
 
 'DRIFT' D3                                                                                                  24
3.000000000000e+01
 
 'MULTIPOL' SEXT-F                                                                                           25
0
5.000000000000e+01 1.000000000000e+01 0.000000000000e+00 0.000000000000e+00 3.285995736223e-02 0.000000000000e+00 0.000000000000e+00 0.000000000000e+00 0.000000000000e+00 0.000000000000e+00 0.000000000000e+00 0.000000000000e+00
0.000000000000e+00 0.000000000000e+00 0.000000000000e+00 0.000000000000e+00 1.000000000000e+00 0.000000000000e+00 0.000000000000e+00 0.000000000000e+00 0.000000000000e+00 0.000000000000e+00 0.000000000000e+00
0 1.122000000000e-01 6.267100000000e+00 -1.498200000000e+00 3.588200000000e+00 -2.120900000000e+00 1.723000000000e+00
0.000000000000e+00 0.000000000000e+00 0.000000000000e+00 0.000000000000e+00 1.000000000000e+00 0.000000000000e+00 0.000000000000e+00 0.000000000000e+00 0.000000000000e+00 0.000000000000e+00 0.000000000000e+00
0 1.122000000000e-01 6.267100000000e+00 -1.498200000000e+00 3.588200000000e+00 -2.120900000000e+00 1.723000000000e+00
0.000000000000e+00 0.000000000000e+00 0.000000000000e+00 0.000000000000e+00 0.000000000000e+00 0.000000000000e+00 0.000000000000e+00 0.000000000000e+00 0.000000000000e+00 0.000000000000e+00
2.000000000000e+00
1 0.000000000000e+00 0.000000000000e+00 0.000000000000e+00
 
 'DRIFT' D4                                                                                                  26
1.486460000000e+02
 
 'DRIFT' D4                                                                                                  27
1.486460000000e+02
 
 'MULTIPOL' SEXT-D                                                                                           28
0
5.000000000000e+01 1.000000000000e+01 0.000000000000e+00 0.000000000000e+00 -4.928993604334e-02 0.000000000000e+00 0.000000000000e+00 0.000000000000e+00 0.000000000000e+00 0.000000000000e+00 0.000000000000e+00 0.000000000000e+00
0.000000000000e+00 0.000000000000e+00 0.000000000000e+00 0.000000000000e+00 0.000000000000e+00 0.000000000000e+00 0.000000000000e+00 0.000000000000e+00 0.000000000000e+00 0.000000000000e+00 0.000000000000e+00
0 1.122000000000e-01 6.267100000000e+00 -1.498200000000e+00 3.588200000000e+00 -2.120900000000e+00 1.723000000000e+00
0.000000000000e+00 0.000000000000e+00 0.000000000000e+00 0.000000000000e+00 1.000000000000e+00 0.000000000000e+00 0.000000000000e+00 0.000000000000e+00 0.000000000000e+00 0.000000000000e+00 0.000000000000e+00
0 1.122000000000e-01 6.267100000000e+00 -1.498200000000e+00 3.588200000000e+00 -2.120900000000e+00 1.723000000000e+00
0.000000000000e+00 0.000000000000e+00 0.000000000000e+00 0.000000000000e+00 0.000000000000e+00 0.000000000000e+00 0.000000000000e+00 0.000000000000e+00 0.000000000000e+00 0.000000000000e+00
2.000000000000e+00
1 0.000000000000e+00 0.000000000000e+00 0.000000000000e+00
 
 'DRIFT' D3                                                                                                  29
3.000000000000e+01
 
 'MULTIPOL' QUAD-D                                                                                           30
0
5.000000000000e+01 1.000000000000e+01 0.000000000000e+00 -5.504042858173e-01 0.000000000000e+00 0.000000000000e+00 0.000000000000e+00 0.000000000000e+00 0.000000000000e+00 0.000000000000e+00 0.000000000000e+00 0.000000000000e+00
0.000000000000e+00 0.000000000000e+00 0.000000000000e+00 1.000000000000e+00 0.000000000000e+00 0.000000000000e+00 0.000000000000e+00 0.000000000000e+00 0.000000000000e+00 0.000000000000e+00 0.000000000000e+00
0 1.122000000000e-01 6.267100000000e+00 -1.498200000000e+00 3.588200000000e+00 -2.120900000000e+00 1.723000000000e+00
0.000000000000e+00 0.000000000000e+00 0.000000000000e+00 1.000000000000e+00 0.000000000000e+00 0.000000000000e+00 0.000000000000e+00 0.000000000000e+00 0.000000000000e+00 0.000000000000e+00 0.000000000000e+00
0 1.122000000000e-01 6.267100000000e+00 -1.498200000000e+00 3.588200000000e+00 -2.120900000000e+00 1.723000000000e+00
0.000000000000e+00 0.000000000000e+00 0.000000000000e+00 0.000000000000e+00 0.000000000000e+00 0.000000000000e+00 0.000000000000e+00 0.000000000000e+00 0.000000000000e+00 0.000000000000e+00
2.000000000000e+00
1 0.000000000000e+00 0.000000000000e+00 0.000000000000e+00
 
 'DRIFT' D2                                                                                                  31
4.500000000000e+01
 
 'CHANGREF' C1                                                                                               32
0.000000000000e+00 0.000000000000e+00 -1.800000000000e+01
 
 'BEND' SBEND                                                                                                33
0
2.507749201410e+02 0.000000000000e+00 2.464496802167e+00
0.000000000000e+00 0.000000000000e+00 0.000000000000e+00
4 2.401000000000e-01 1.863900000000e+00 -5.572000000000e-01 3.904000000000e-01 0.000000000000e+00 0.000000000000e+00
0.000000000000e+00 0.000000000000e+00 0.000000000000e+00
4 2.401000000000e-01 1.863900000000e+00 -5.572000000000e-01 3.904000000000e-01 0.000000000000e+00 0.000000000000e+00
2.000000000000e+00
1 0.000000000000e+00 0.000000000000e+00 0.000000000000e+00
 
 'CHANGREF' C1                                                                                               34
0.000000000000e+00 0.000000000000e+00 -1.800000000000e+01
 
 'DRIFT' D2                                                                                                  35
4.500000000000e+01
 
 'MULTIPOL' QUAD-F                                                                                           36
0
5.000000000000e+01 1.000000000000e+01 0.000000000000e+00 4.004807303521e-01 0.000000000000e+00 0.000000000000e+00 0.000000000000e+00 0.000000000000e+00 0.000000000000e+00 0.000000000000e+00 0.000000000000e+00 0.000000000000e+00
0.000000000000e+00 0.000000000000e+00 0.000000000000e+00 1.000000000000e+00 0.000000000000e+00 0.000000000000e+00 0.000000000000e+00 0.000000000000e+00 0.000000000000e+00 0.000000000000e+00 0.000000000000e+00
0 1.122000000000e-01 6.267100000000e+00 -1.498200000000e+00 3.588200000000e+00 -2.120900000000e+00 1.723000000000e+00
0.000000000000e+00 0.000000000000e+00 0.000000000000e+00 1.000000000000e+00 0.000000000000e+00 0.000000000000e+00 0.000000000000e+00 0.000000000000e+00 0.000000000000e+00 0.000000000000e+00 0.000000000000e+00
0 1.122000000000e-01 6.267100000000e+00 -1.498200000000e+00 3.588200000000e+00 -2.120900000000e+00 1.723000000000e+00
0.000000000000e+00 0.000000000000e+00 0.000000000000e+00 0.000000000000e+00 0.000000000000e+00 0.000000000000e+00 0.000000000000e+00 0.000000000000e+00 0.000000000000e+00 0.000000000000e+00
2.000000000000e+00
1 0.000000000000e+00 0.000000000000e+00 0.000000000000e+00
 
 'DRIFT' D1                                                                                                  37
2.286460000000e+02
 
 'DRIFT' D1                                                                                                  38
2.286460000000e+02
 
 'MULTIPOL' QUAD-D                                                                                           39
0
5.000000000000e+01 1.000000000000e+01 0.000000000000e+00 -5.504042858173e-01 0.000000000000e+00 0.000000000000e+00 0.000000000000e+00 0.000000000000e+00 0.000000000000e+00 0.000000000000e+00 0.000000000000e+00 0.000000000000e+00
0.000000000000e+00 0.000000000000e+00 0.000000000000e+00 1.000000000000e+00 0.000000000000e+00 0.000000000000e+00 0.000000000000e+00 0.000000000000e+00 0.000000000000e+00 0.000000000000e+00 0.000000000000e+00
0 1.122000000000e-01 6.267100000000e+00 -1.498200000000e+00 3.588200000000e+00 -2.120900000000e+00 1.723000000000e+00
0.000000000000e+00 0.000000000000e+00 0.000000000000e+00 1.000000000000e+00 0.000000000000e+00 0.000000000000e+00 0.000000000000e+00 0.000000000000e+00 0.000000000000e+00 0.000000000000e+00 0.000000000000e+00
0 1.122000000000e-01 6.267100000000e+00 -1.498200000000e+00 3.588200000000e+00 -2.120900000000e+00 1.723000000000e+00
0.000000000000e+00 0.000000000000e+00 0.000000000000e+00 0.000000000000e+00 0.000000000000e+00 0.000000000000e+00 0.000000000000e+00 0.000000000000e+00 0.000000000000e+00 0.000000000000e+00
2.000000000000e+00
1 0.000000000000e+00 0.000000000000e+00 0.000000000000e+00
 
 'DRIFT' D2                                                                                                  40
4.500000000000e+01
 
 'CHANGREF' C1                                                                                               41
0.000000000000e+00 0.000000000000e+00 -1.800000000000e+01
 
 'BEND' SBEND                                                                                                42
0
2.507749201410e+02 0.000000000000e+00 2.464496802167e+00
0.000000000000e+00 0.000000000000e+00 0.000000000000e+00
4 2.401000000000e-01 1.863900000000e+00 -5.572000000000e-01 3.904000000000e-01 0.000000000000e+00 0.000000000000e+00
0.000000000000e+00 0.000000000000e+00 0.000000000000e+00
4 2.401000000000e-01 1.863900000000e+00 -5.572000000000e-01 3.904000000000e-01 0.000000000000e+00 0.000000000000e+00
2.000000000000e+00
1 0.000000000000e+00 0.000000000000e+00 0.000000000000e+00
 
 'CHANGREF' C1                                                                                               43
0.000000000000e+00 0.000000000000e+00 -1.800000000000e+01
 
 'DRIFT' D2                                                                                                  44
4.500000000000e+01
 
 'MULTIPOL' QUAD-F                                                                                           45
0
5.000000000000e+01 1.000000000000e+01 0.000000000000e+00 4.004807303521e-01 0.000000000000e+00 0.000000000000e+00 0.000000000000e+00 0.000000000000e+00 0.000000000000e+00 0.000000000000e+00 0.000000000000e+00 0.000000000000e+00
0.000000000000e+00 0.000000000000e+00 0.000000000000e+00 1.000000000000e+00 0.000000000000e+00 0.000000000000e+00 0.000000000000e+00 0.000000000000e+00 0.000000000000e+00 0.000000000000e+00 0.000000000000e+00
0 1.122000000000e-01 6.267100000000e+00 -1.498200000000e+00 3.588200000000e+00 -2.120900000000e+00 1.723000000000e+00
0.000000000000e+00 0.000000000000e+00 0.000000000000e+00 1.000000000000e+00 0.000000000000e+00 0.000000000000e+00 0.000000000000e+00 0.000000000000e+00 0.000000000000e+00 0.000000000000e+00 0.000000000000e+00
0 1.122000000000e-01 6.267100000000e+00 -1.498200000000e+00 3.588200000000e+00 -2.120900000000e+00 1.723000000000e+00
0.000000000000e+00 0.000000000000e+00 0.000000000000e+00 0.000000000000e+00 0.000000000000e+00 0.000000000000e+00 0.000000000000e+00 0.000000000000e+00 0.000000000000e+00 0.000000000000e+00
2.000000000000e+00
1 0.000000000000e+00 0.000000000000e+00 0.000000000000e+00
 
 'DRIFT' D1                                                                                                  46
2.286460000000e+02
 
 'DRIFT' D1                                                                                                  47
2.286460000000e+02
 
 'MULTIPOL' QUAD-D                                                                                           48
0
5.000000000000e+01 1.000000000000e+01 0.000000000000e+00 -5.504042858173e-01 0.000000000000e+00 0.000000000000e+00 0.000000000000e+00 0.000000000000e+00 0.000000000000e+00 0.000000000000e+00 0.000000000000e+00 0.000000000000e+00
0.000000000000e+00 0.000000000000e+00 0.000000000000e+00 1.000000000000e+00 0.000000000000e+00 0.000000000000e+00 0.000000000000e+00 0.000000000000e+00 0.000000000000e+00 0.000000000000e+00 0.000000000000e+00
0 1.122000000000e-01 6.267100000000e+00 -1.498200000000e+00 3.588200000000e+00 -2.120900000000e+00 1.723000000000e+00
0.000000000000e+00 0.000000000000e+00 0.000000000000e+00 1.000000000000e+00 0.000000000000e+00 0.000000000000e+00 0.000000000000e+00 0.000000000000e+00 0.000000000000e+00 0.000000000000e+00 0.000000000000e+00
0 1.122000000000e-01 6.267100000000e+00 -1.498200000000e+00 3.588200000000e+00 -2.120900000000e+00 1.723000000000e+00
0.000000000000e+00 0.000000000000e+00 0.000000000000e+00 0.000000000000e+00 0.000000000000e+00 0.000000000000e+00 0.000000000000e+00 0.000000000000e+00 0.000000000000e+00 0.000000000000e+00
2.000000000000e+00
1 0.000000000000e+00 0.000000000000e+00 0.000000000000e+00
 
 'DRIFT' D2                                                                                                  49
4.500000000000e+01
 
 'CHANGREF' C1                                                                                               50
0.000000000000e+00 0.000000000000e+00 -1.800000000000e+01
 
 'BEND' SBEND                                                                                                51
0
2.507749201410e+02 0.000000000000e+00 2.464496802167e+00
0.000000000000e+00 0.000000000000e+00 0.000000000000e+00
4 2.401000000000e-01 1.863900000000e+00 -5.572000000000e-01 3.904000000000e-01 0.000000000000e+00 0.000000000000e+00
0.000000000000e+00 0.000000000000e+00 0.000000000000e+00
4 2.401000000000e-01 1.863900000000e+00 -5.572000000000e-01 3.904000000000e-01 0.000000000000e+00 0.000000000000e+00
2.000000000000e+00
1 0.000000000000e+00 0.000000000000e+00 0.000000000000e+00
 
 'CHANGREF' C1                                                                                               52
0.000000000000e+00 0.000000000000e+00 -1.800000000000e+01
 
 'DRIFT' D2                                                                                                  53
4.500000000000e+01
 
 'MULTIPOL' QUAD-F                                                                                           54
0
5.000000000000e+01 1.000000000000e+01 0.000000000000e+00 4.004807303521e-01 0.000000000000e+00 0.000000000000e+00 0.000000000000e+00 0.000000000000e+00 0.000000000000e+00 0.000000000000e+00 0.000000000000e+00 0.000000000000e+00
0.000000000000e+00 0.000000000000e+00 0.000000000000e+00 1.000000000000e+00 0.000000000000e+00 0.000000000000e+00 0.000000000000e+00 0.000000000000e+00 0.000000000000e+00 0.000000000000e+00 0.000000000000e+00
0 1.122000000000e-01 6.267100000000e+00 -1.498200000000e+00 3.588200000000e+00 -2.120900000000e+00 1.723000000000e+00
0.000000000000e+00 0.000000000000e+00 0.000000000000e+00 1.000000000000e+00 0.000000000000e+00 0.000000000000e+00 0.000000000000e+00 0.000000000000e+00 0.000000000000e+00 0.000000000000e+00 0.000000000000e+00
0 1.122000000000e-01 6.267100000000e+00 -1.498200000000e+00 3.588200000000e+00 -2.120900000000e+00 1.723000000000e+00
0.000000000000e+00 0.000000000000e+00 0.000000000000e+00 0.000000000000e+00 0.000000000000e+00 0.000000000000e+00 0.000000000000e+00 0.000000000000e+00 0.000000000000e+00 0.000000000000e+00
2.000000000000e+00
1 0.000000000000e+00 0.000000000000e+00 0.000000000000e+00
 
 'DRIFT' D1                                                                                                  55
2.286460000000e+02
 
 'DRIFT' D1                                                                                                  56
2.286460000000e+02
 
 'MULTIPOL' QUAD-D                                                                                           57
0
5.000000000000e+01 1.000000000000e+01 0.000000000000e+00 -5.504042858173e-01 0.000000000000e+00 0.000000000000e+00 0.000000000000e+00 0.000000000000e+00 0.000000000000e+00 0.000000000000e+00 0.000000000000e+00 0.000000000000e+00
0.000000000000e+00 0.000000000000e+00 0.000000000000e+00 1.000000000000e+00 0.000000000000e+00 0.000000000000e+00 0.000000000000e+00 0.000000000000e+00 0.000000000000e+00 0.000000000000e+00 0.000000000000e+00
0 1.122000000000e-01 6.267100000000e+00 -1.498200000000e+00 3.588200000000e+00 -2.120900000000e+00 1.723000000000e+00
0.000000000000e+00 0.000000000000e+00 0.000000000000e+00 1.000000000000e+00 0.000000000000e+00 0.000000000000e+00 0.000000000000e+00 0.000000000000e+00 0.000000000000e+00 0.000000000000e+00 0.000000000000e+00
0 1.122000000000e-01 6.267100000000e+00 -1.498200000000e+00 3.588200000000e+00 -2.120900000000e+00 1.723000000000e+00
0.000000000000e+00 0.000000000000e+00 0.000000000000e+00 0.000000000000e+00 0.000000000000e+00 0.000000000000e+00 0.000000000000e+00 0.000000000000e+00 0.000000000000e+00 0.000000000000e+00
2.000000000000e+00
1 0.000000000000e+00 0.000000000000e+00 0.000000000000e+00
 
 'DRIFT' D2                                                                                                  58
4.500000000000e+01
 
 'CHANGREF' C1                                                                                               59
0.000000000000e+00 0.000000000000e+00 -1.800000000000e+01
 
 'BEND' SBEND                                                                                                60
0
2.507749201410e+02 0.000000000000e+00 2.464496802167e+00
0.000000000000e+00 0.000000000000e+00 0.000000000000e+00
4 2.401000000000e-01 1.863900000000e+00 -5.572000000000e-01 3.904000000000e-01 0.000000000000e+00 0.000000000000e+00
0.000000000000e+00 0.000000000000e+00 0.000000000000e+00
4 2.401000000000e-01 1.863900000000e+00 -5.572000000000e-01 3.904000000000e-01 0.000000000000e+00 0.000000000000e+00
2.000000000000e+00
1 0.000000000000e+00 0.000000000000e+00 0.000000000000e+00
 
 'CHANGREF' C1                                                                                               61
0.000000000000e+00 0.000000000000e+00 -1.800000000000e+01
 
 'DRIFT' D2                                                                                                  62
4.500000000000e+01
 
 'MULTIPOL' QUAD-F                                                                                           63
0
5.000000000000e+01 1.000000000000e+01 0.000000000000e+00 4.004807303521e-01 0.000000000000e+00 0.000000000000e+00 0.000000000000e+00 0.000000000000e+00 0.000000000000e+00 0.000000000000e+00 0.000000000000e+00 0.000000000000e+00
0.000000000000e+00 0.000000000000e+00 0.000000000000e+00 1.000000000000e+00 0.000000000000e+00 0.000000000000e+00 0.000000000000e+00 0.000000000000e+00 0.000000000000e+00 0.000000000000e+00 0.000000000000e+00
0 1.122000000000e-01 6.267100000000e+00 -1.498200000000e+00 3.588200000000e+00 -2.120900000000e+00 1.723000000000e+00
0.000000000000e+00 0.000000000000e+00 0.000000000000e+00 1.000000000000e+00 0.000000000000e+00 0.000000000000e+00 0.000000000000e+00 0.000000000000e+00 0.000000000000e+00 0.000000000000e+00 0.000000000000e+00
0 1.122000000000e-01 6.267100000000e+00 -1.498200000000e+00 3.588200000000e+00 -2.120900000000e+00 1.723000000000e+00
0.000000000000e+00 0.000000000000e+00 0.000000000000e+00 0.000000000000e+00 0.000000000000e+00 0.000000000000e+00 0.000000000000e+00 0.000000000000e+00 0.000000000000e+00 0.000000000000e+00
2.000000000000e+00
1 0.000000000000e+00 0.000000000000e+00 0.000000000000e+00
 
 'DRIFT' D1                                                                                                  64
2.286460000000e+02
 
 'DRIFT' D1                                                                                                  65
2.286460000000e+02
 
 'MULTIPOL' QUAD-D                                                                                           66
0
5.000000000000e+01 1.000000000000e+01 0.000000000000e+00 -5.504042858173e-01 0.000000000000e+00 0.000000000000e+00 0.000000000000e+00 0.000000000000e+00 0.000000000000e+00 0.000000000000e+00 0.000000000000e+00 0.000000000000e+00
0.000000000000e+00 0.000000000000e+00 0.000000000000e+00 1.000000000000e+00 0.000000000000e+00 0.000000000000e+00 0.000000000000e+00 0.000000000000e+00 0.000000000000e+00 0.000000000000e+00 0.000000000000e+00
0 1.122000000000e-01 6.267100000000e+00 -1.498200000000e+00 3.588200000000e+00 -2.120900000000e+00 1.723000000000e+00
0.000000000000e+00 0.000000000000e+00 0.000000000000e+00 1.000000000000e+00 0.000000000000e+00 0.000000000000e+00 0.000000000000e+00 0.000000000000e+00 0.000000000000e+00 0.000000000000e+00 0.000000000000e+00
0 1.122000000000e-01 6.267100000000e+00 -1.498200000000e+00 3.588200000000e+00 -2.120900000000e+00 1.723000000000e+00
0.000000000000e+00 0.000000000000e+00 0.000000000000e+00 0.000000000000e+00 0.000000000000e+00 0.000000000000e+00 0.000000000000e+00 0.000000000000e+00 0.000000000000e+00 0.000000000000e+00
2.000000000000e+00
1 0.000000000000e+00 0.000000000000e+00 0.000000000000e+00
 
 'DRIFT' D2                                                                                                  67
4.500000000000e+01
 
 'CHANGREF' C1                                                                                               68
0.000000000000e+00 0.000000000000e+00 -1.800000000000e+01
 
 'BEND' SBEND                                                                                                69
0
2.507749201410e+02 0.000000000000e+00 2.464496802167e+00
0.000000000000e+00 0.000000000000e+00 0.000000000000e+00
4 2.401000000000e-01 1.863900000000e+00 -5.572000000000e-01 3.904000000000e-01 0.000000000000e+00 0.000000000000e+00
0.000000000000e+00 0.000000000000e+00 0.000000000000e+00
4 2.401000000000e-01 1.863900000000e+00 -5.572000000000e-01 3.904000000000e-01 0.000000000000e+00 0.000000000000e+00
2.000000000000e+00
1 0.000000000000e+00 0.000000000000e+00 0.000000000000e+00
 
 'CHANGREF' C1                                                                                               70
0.000000000000e+00 0.000000000000e+00 -1.800000000000e+01
 
 'DRIFT' D2                                                                                                  71
4.500000000000e+01
 
 'MULTIPOL' QUAD-F                                                                                           72
0
5.000000000000e+01 1.000000000000e+01 0.000000000000e+00 4.004807303521e-01 0.000000000000e+00 0.000000000000e+00 0.000000000000e+00 0.000000000000e+00 0.000000000000e+00 0.000000000000e+00 0.000000000000e+00 0.000000000000e+00
0.000000000000e+00 0.000000000000e+00 0.000000000000e+00 1.000000000000e+00 0.000000000000e+00 0.000000000000e+00 0.000000000000e+00 0.000000000000e+00 0.000000000000e+00 0.000000000000e+00 0.000000000000e+00
0 1.122000000000e-01 6.267100000000e+00 -1.498200000000e+00 3.588200000000e+00 -2.120900000000e+00 1.723000000000e+00
0.000000000000e+00 0.000000000000e+00 0.000000000000e+00 1.000000000000e+00 0.000000000000e+00 0.000000000000e+00 0.000000000000e+00 0.000000000000e+00 0.000000000000e+00 0.000000000000e+00 0.000000000000e+00
0 1.122000000000e-01 6.267100000000e+00 -1.498200000000e+00 3.588200000000e+00 -2.120900000000e+00 1.723000000000e+00
0.000000000000e+00 0.000000000000e+00 0.000000000000e+00 0.000000000000e+00 0.000000000000e+00 0.000000000000e+00 0.000000000000e+00 0.000000000000e+00 0.000000000000e+00 0.000000000000e+00
2.000000000000e+00
1 0.000000000000e+00 0.000000000000e+00 0.000000000000e+00
 
 'DRIFT' D3                                                                                                  73
3.000000000000e+01
 
 'MULTIPOL' SEXT-F                                                                                           74
0
5.000000000000e+01 1.000000000000e+01 0.000000000000e+00 0.000000000000e+00 3.285995736223e-02 0.000000000000e+00 0.000000000000e+00 0.000000000000e+00 0.000000000000e+00 0.000000000000e+00 0.000000000000e+00 0.000000000000e+00
0.000000000000e+00 0.000000000000e+00 0.000000000000e+00 0.000000000000e+00 1.000000000000e+00 0.000000000000e+00 0.000000000000e+00 0.000000000000e+00 0.000000000000e+00 0.000000000000e+00 0.000000000000e+00
0 1.122000000000e-01 6.267100000000e+00 -1.498200000000e+00 3.588200000000e+00 -2.120900000000e+00 1.723000000000e+00
0.000000000000e+00 0.000000000000e+00 0.000000000000e+00 0.000000000000e+00 1.000000000000e+00 0.000000000000e+00 0.000000000000e+00 0.000000000000e+00 0.000000000000e+00 0.000000000000e+00 0.000000000000e+00
0 1.122000000000e-01 6.267100000000e+00 -1.498200000000e+00 3.588200000000e+00 -2.120900000000e+00 1.723000000000e+00
0.000000000000e+00 0.000000000000e+00 0.000000000000e+00 0.000000000000e+00 0.000000000000e+00 0.000000000000e+00 0.000000000000e+00 0.000000000000e+00 0.000000000000e+00 0.000000000000e+00
2.000000000000e+00
1 0.000000000000e+00 0.000000000000e+00 0.000000000000e+00
 
 'DRIFT' D4                                                                                                  75
1.486460000000e+02
 
 'DRIFT' D4                                                                                                  76
1.486460000000e+02
 
 'MULTIPOL' SEXT-D                                                                                           77
0
5.000000000000e+01 1.000000000000e+01 0.000000000000e+00 0.000000000000e+00 -4.928993604334e-02 0.000000000000e+00 0.000000000000e+00 0.000000000000e+00 0.000000000000e+00 0.000000000000e+00 0.000000000000e+00 0.000000000000e+00
0.000000000000e+00 0.000000000000e+00 0.000000000000e+00 0.000000000000e+00 0.000000000000e+00 0.000000000000e+00 0.000000000000e+00 0.000000000000e+00 0.000000000000e+00 0.000000000000e+00 0.000000000000e+00
0 1.122000000000e-01 6.267100000000e+00 -1.498200000000e+00 3.588200000000e+00 -2.120900000000e+00 1.723000000000e+00
0.000000000000e+00 0.000000000000e+00 0.000000000000e+00 0.000000000000e+00 1.000000000000e+00 0.000000000000e+00 0.000000000000e+00 0.000000000000e+00 0.000000000000e+00 0.000000000000e+00 0.000000000000e+00
0 1.122000000000e-01 6.267100000000e+00 -1.498200000000e+00 3.588200000000e+00 -2.120900000000e+00 1.723000000000e+00
0.000000000000e+00 0.000000000000e+00 0.000000000000e+00 0.000000000000e+00 0.000000000000e+00 0.000000000000e+00 0.000000000000e+00 0.000000000000e+00 0.000000000000e+00 0.000000000000e+00
2.000000000000e+00
1 0.000000000000e+00 0.000000000000e+00 0.000000000000e+00
 
 'DRIFT' D3                                                                                                  78
3.000000000000e+01
 
 'MULTIPOL' QUAD-D                                                                                           79
0
5.000000000000e+01 1.000000000000e+01 0.000000000000e+00 -5.504042858173e-01 0.000000000000e+00 0.000000000000e+00 0.000000000000e+00 0.000000000000e+00 0.000000000000e+00 0.000000000000e+00 0.000000000000e+00 0.000000000000e+00
0.000000000000e+00 0.000000000000e+00 0.000000000000e+00 1.000000000000e+00 0.000000000000e+00 0.000000000000e+00 0.000000000000e+00 0.000000000000e+00 0.000000000000e+00 0.000000000000e+00 0.000000000000e+00
0 1.122000000000e-01 6.267100000000e+00 -1.498200000000e+00 3.588200000000e+00 -2.120900000000e+00 1.723000000000e+00
0.000000000000e+00 0.000000000000e+00 0.000000000000e+00 1.000000000000e+00 0.000000000000e+00 0.000000000000e+00 0.000000000000e+00 0.000000000000e+00 0.000000000000e+00 0.000000000000e+00 0.000000000000e+00
0 1.122000000000e-01 6.267100000000e+00 -1.498200000000e+00 3.588200000000e+00 -2.120900000000e+00 1.723000000000e+00
0.000000000000e+00 0.000000000000e+00 0.000000000000e+00 0.000000000000e+00 0.000000000000e+00 0.000000000000e+00 0.000000000000e+00 0.000000000000e+00 0.000000000000e+00 0.000000000000e+00
2.000000000000e+00
1 0.000000000000e+00 0.000000000000e+00 0.000000000000e+00
 
 'DRIFT' D2                                                                                                  80
4.500000000000e+01
 
 'CHANGREF' C1                                                                                               81
0.000000000000e+00 0.000000000000e+00 -1.800000000000e+01
 
 'BEND' SBEND                                                                                                82
0
2.507749201410e+02 0.000000000000e+00 2.464496802167e+00
0.000000000000e+00 0.000000000000e+00 0.000000000000e+00
4 2.401000000000e-01 1.863900000000e+00 -5.572000000000e-01 3.904000000000e-01 0.000000000000e+00 0.000000000000e+00
0.000000000000e+00 0.000000000000e+00 0.000000000000e+00
4 2.401000000000e-01 1.863900000000e+00 -5.572000000000e-01 3.904000000000e-01 0.000000000000e+00 0.000000000000e+00
2.000000000000e+00
1 0.000000000000e+00 0.000000000000e+00 0.000000000000e+00
 
 'CHANGREF' C1                                                                                               83
0.000000000000e+00 0.000000000000e+00 -1.800000000000e+01
 
 'DRIFT' D2                                                                                                  84
4.500000000000e+01
 
 'MULTIPOL' QUAD-F                                                                                           85
0
5.000000000000e+01 1.000000000000e+01 0.000000000000e+00 4.004807303521e-01 0.000000000000e+00 0.000000000000e+00 0.000000000000e+00 0.000000000000e+00 0.000000000000e+00 0.000000000000e+00 0.000000000000e+00 0.000000000000e+00
0.000000000000e+00 0.000000000000e+00 0.000000000000e+00 1.000000000000e+00 0.000000000000e+00 0.000000000000e+00 0.000000000000e+00 0.000000000000e+00 0.000000000000e+00 0.000000000000e+00 0.000000000000e+00
0 1.122000000000e-01 6.267100000000e+00 -1.498200000000e+00 3.588200000000e+00 -2.120900000000e+00 1.723000000000e+00
0.000000000000e+00 0.000000000000e+00 0.000000000000e+00 1.000000000000e+00 0.000000000000e+00 0.000000000000e+00 0.000000000000e+00 0.000000000000e+00 0.000000000000e+00 0.000000000000e+00 0.000000000000e+00
0 1.122000000000e-01 6.267100000000e+00 -1.498200000000e+00 3.588200000000e+00 -2.120900000000e+00 1.723000000000e+00
0.000000000000e+00 0.000000000000e+00 0.000000000000e+00 0.000000000000e+00 0.000000000000e+00 0.000000000000e+00 0.000000000000e+00 0.000000000000e+00 0.000000000000e+00 0.000000000000e+00
2.000000000000e+00
1 0.000000000000e+00 0.000000000000e+00 0.000000000000e+00
 
 'DRIFT' D1                                                                                                  86
2.286460000000e+02
 
 'DRIFT' D1                                                                                                  87
2.286460000000e+02
 
 'MULTIPOL' QUAD-D                                                                                           88
0
5.000000000000e+01 1.000000000000e+01 0.000000000000e+00 -5.504042858173e-01 0.000000000000e+00 0.000000000000e+00 0.000000000000e+00 0.000000000000e+00 0.000000000000e+00 0.000000000000e+00 0.000000000000e+00 0.000000000000e+00
0.000000000000e+00 0.000000000000e+00 0.000000000000e+00 1.000000000000e+00 0.000000000000e+00 0.000000000000e+00 0.000000000000e+00 0.000000000000e+00 0.000000000000e+00 0.000000000000e+00 0.000000000000e+00
0 1.122000000000e-01 6.267100000000e+00 -1.498200000000e+00 3.588200000000e+00 -2.120900000000e+00 1.723000000000e+00
0.000000000000e+00 0.000000000000e+00 0.000000000000e+00 1.000000000000e+00 0.000000000000e+00 0.000000000000e+00 0.000000000000e+00 0.000000000000e+00 0.000000000000e+00 0.000000000000e+00 0.000000000000e+00
0 1.122000000000e-01 6.267100000000e+00 -1.498200000000e+00 3.588200000000e+00 -2.120900000000e+00 1.723000000000e+00
0.000000000000e+00 0.000000000000e+00 0.000000000000e+00 0.000000000000e+00 0.000000000000e+00 0.000000000000e+00 0.000000000000e+00 0.000000000000e+00 0.000000000000e+00 0.000000000000e+00
2.000000000000e+00
1 0.000000000000e+00 0.000000000000e+00 0.000000000000e+00
 
 'DRIFT' D2                                                                                                  89
4.500000000000e+01
 
 'CHANGREF' C1                                                                                               90
0.000000000000e+00 0.000000000000e+00 -1.800000000000e+01
 
 'BEND' SBEND                                                                                                91
0
2.507749201410e+02 0.000000000000e+00 2.464496802167e+00
0.000000000000e+00 0.000000000000e+00 0.000000000000e+00
4 2.401000000000e-01 1.863900000000e+00 -5.572000000000e-01 3.904000000000e-01 0.000000000000e+00 0.000000000000e+00
0.000000000000e+00 0.000000000000e+00 0.000000000000e+00
4 2.401000000000e-01 1.863900000000e+00 -5.572000000000e-01 3.904000000000e-01 0.000000000000e+00 0.000000000000e+00
2.000000000000e+00
1 0.000000000000e+00 0.000000000000e+00 0.000000000000e+00
 
 'CHANGREF' C1                                                                                               92
0.000000000000e+00 0.000000000000e+00 -1.800000000000e+01
 
 'DRIFT' D2                                                                                                  93
4.500000000000e+01
 
 'MULTIPOL' QUAD-F                                                                                           94
0
5.000000000000e+01 1.000000000000e+01 0.000000000000e+00 4.004807303521e-01 0.000000000000e+00 0.000000000000e+00 0.000000000000e+00 0.000000000000e+00 0.000000000000e+00 0.000000000000e+00 0.000000000000e+00 0.000000000000e+00
0.000000000000e+00 0.000000000000e+00 0.000000000000e+00 1.000000000000e+00 0.000000000000e+00 0.000000000000e+00 0.000000000000e+00 0.000000000000e+00 0.000000000000e+00 0.000000000000e+00 0.000000000000e+00
0 1.122000000000e-01 6.267100000000e+00 -1.498200000000e+00 3.588200000000e+00 -2.120900000000e+00 1.723000000000e+00
0.000000000000e+00 0.000000000000e+00 0.000000000000e+00 1.000000000000e+00 0.000000000000e+00 0.000000000000e+00 0.000000000000e+00 0.000000000000e+00 0.000000000000e+00 0.000000000000e+00 0.000000000000e+00
0 1.122000000000e-01 6.267100000000e+00 -1.498200000000e+00 3.588200000000e+00 -2.120900000000e+00 1.723000000000e+00
0.000000000000e+00 0.000000000000e+00 0.000000000000e+00 0.000000000000e+00 0.000000000000e+00 0.000000000000e+00 0.000000000000e+00 0.000000000000e+00 0.000000000000e+00 0.000000000000e+00
2.000000000000e+00
1 0.000000000000e+00 0.000000000000e+00 0.000000000000e+00
 
 'DRIFT' D1                                                                                                  95
2.286460000000e+02
 
 'DRIFT' D1                                                                                                  96
2.286460000000e+02
 
 'MULTIPOL' QUAD-D                                                                                           97
0
5.000000000000e+01 1.000000000000e+01 0.000000000000e+00 -5.504042858173e-01 0.000000000000e+00 0.000000000000e+00 0.000000000000e+00 0.000000000000e+00 0.000000000000e+00 0.000000000000e+00 0.000000000000e+00 0.000000000000e+00
0.000000000000e+00 0.000000000000e+00 0.000000000000e+00 1.000000000000e+00 0.000000000000e+00 0.000000000000e+00 0.000000000000e+00 0.000000000000e+00 0.000000000000e+00 0.000000000000e+00 0.000000000000e+00
0 1.122000000000e-01 6.267100000000e+00 -1.498200000000e+00 3.588200000000e+00 -2.120900000000e+00 1.723000000000e+00
0.000000000000e+00 0.000000000000e+00 0.000000000000e+00 1.000000000000e+00 0.000000000000e+00 0.000000000000e+00 0.000000000000e+00 0.000000000000e+00 0.000000000000e+00 0.000000000000e+00 0.000000000000e+00
0 1.122000000000e-01 6.267100000000e+00 -1.498200000000e+00 3.588200000000e+00 -2.120900000000e+00 1.723000000000e+00
0.000000000000e+00 0.000000000000e+00 0.000000000000e+00 0.000000000000e+00 0.000000000000e+00 0.000000000000e+00 0.000000000000e+00 0.000000000000e+00 0.000000000000e+00 0.000000000000e+00
2.000000000000e+00
1 0.000000000000e+00 0.000000000000e+00 0.000000000000e+00
 
 'DRIFT' D2                                                                                                  98
4.500000000000e+01
 
 'CHANGREF' C1                                                                                               99
0.000000000000e+00 0.000000000000e+00 -1.800000000000e+01
 
 'BEND' SBEND                                                                                               100
0
2.507749201410e+02 0.000000000000e+00 2.464496802167e+00
0.000000000000e+00 0.000000000000e+00 0.000000000000e+00
4 2.401000000000e-01 1.863900000000e+00 -5.572000000000e-01 3.904000000000e-01 0.000000000000e+00 0.000000000000e+00
0.000000000000e+00 0.000000000000e+00 0.000000000000e+00
4 2.401000000000e-01 1.863900000000e+00 -5.572000000000e-01 3.904000000000e-01 0.000000000000e+00 0.000000000000e+00
2.000000000000e+00
1 0.000000000000e+00 0.000000000000e+00 0.000000000000e+00
 
 'CHANGREF' C1                                                                                              101
0.000000000000e+00 0.000000000000e+00 -1.800000000000e+01
 
 'DRIFT' D2                                                                                                 102
4.500000000000e+01
 
 'MULTIPOL' QUAD-F                                                                                          103
0
5.000000000000e+01 1.000000000000e+01 0.000000000000e+00 4.004807303521e-01 0.000000000000e+00 0.000000000000e+00 0.000000000000e+00 0.000000000000e+00 0.000000000000e+00 0.000000000000e+00 0.000000000000e+00 0.000000000000e+00
0.000000000000e+00 0.000000000000e+00 0.000000000000e+00 1.000000000000e+00 0.000000000000e+00 0.000000000000e+00 0.000000000000e+00 0.000000000000e+00 0.000000000000e+00 0.000000000000e+00 0.000000000000e+00
0 1.122000000000e-01 6.267100000000e+00 -1.498200000000e+00 3.588200000000e+00 -2.120900000000e+00 1.723000000000e+00
0.000000000000e+00 0.000000000000e+00 0.000000000000e+00 1.000000000000e+00 0.000000000000e+00 0.000000000000e+00 0.000000000000e+00 0.000000000000e+00 0.000000000000e+00 0.000000000000e+00 0.000000000000e+00
0 1.122000000000e-01 6.267100000000e+00 -1.498200000000e+00 3.588200000000e+00 -2.120900000000e+00 1.723000000000e+00
0.000000000000e+00 0.000000000000e+00 0.000000000000e+00 0.000000000000e+00 0.000000000000e+00 0.000000000000e+00 0.000000000000e+00 0.000000000000e+00 0.000000000000e+00 0.000000000000e+00
2.000000000000e+00
1 0.000000000000e+00 0.000000000000e+00 0.000000000000e+00
 
 'DRIFT' D1                                                                                                 104
2.286460000000e+02
 
 
 'CAVITE'                                                                                                   105
2.000000000000e+00
9.022400000000e+01 1.000000000000e+00
CavV 5.235987755983e-01
 
 'REBELOTE'                                                                                                 106
NTurns-1 0 99
 
 'END'                                                                                                      107
