PSR with SBends and Sextupoles ON
 'OBJET'                                                                                                      1
4869.14813176
5
0.001 0.01  0.001 0.01  0.001 0.0001  ! dY/cm dT/mr dZ/cm dP/mr dS/cm dD/1
0.    0.    0.    0.    0.    1.      ! Y0/cm T0/m0 Z0/cm P0/m0 S0/cm D0/1
 
 'PARTICUL'                                                                                                   2
PROTON
 
 'SCALING'                                                                                                    3
1 1
MULTIPOL SEXT
-1
0.
1
 
!=== Los Alamos PSR Lattice ===
!--- cell 0 ---
 'DRIFT'                                                                                                      4
228.646
 'MULTIPOL'  QUAD  QD                                                                                         5
0  .Quad
50.000  10.000  0. -2.68  0.  0.  0.  0.  0.  0.  0.  0.
0.000   0.00   0.  1.00  0.  0.  0.  0.  0.  0.  0.
6  0.1122 6.2671 -1.4982 3.5882 -2.1209 1.723
0.000   0.00   0.  1.00  0.  0.  0.  0.  0.  0.  0.
6  0.1122 6.2671 -1.4982 3.5882 -2.1209 1.723
0.  0.  0.  0.  0.  0.  0.  0.  0.  0.
2.0  ! cm
1  0.  0.  0.


 'DRIFT'                                                                                                      6
45.000
 'CHANGREF'                                                                                                   7
0.  0.  -18.
 'BEND'     SBEND  B                                                                                          8
0  .Bend
250.774920140843  0.   12.
0. 0. 0. ! bend-fringe
4  0.2401  1.8639  -0.5572  0.3904  0.  0.
0. 0. 0. ! bend-fringe
4  0.2401  1.8639  -0.5572  0.3904  0.  0.
0.5  ! dS-bend / cm
1  0.  0.  0.
 'CHANGREF'                                                                                                   9
0.  0.  -18.
 'DRIFT'                                                                                                     10
45.000
 'MULTIPOL'  QUAD  QF                                                                                        11
0  .Quad
50.000  10.000  0.  1.95  0.  0.  0.  0.  0.  0.  0.  0.
0.000   0.00   0.  1.00  0.  0.  0.  0.  0.  0.  0.
6  0.1122 6.2671 -1.4982 3.5882 -2.1209 1.723
0.000   0.00   0.  1.00  0.  0.  0.  0.  0.  0.  0.
6  0.1122 6.2671 -1.4982 3.5882 -2.1209 1.723
0.  0.  0.  0.  0.  0.  0.  0.  0.  0.
2.0  ! cm
1 0. 0. 0.
 'DRIFT'                                                                                                     12
228.646
 
!--- cell T ---
 'DRIFT'                                                                                                     13
228.646
 'MULTIPOL'  QUAD  QD                                                                                        14
0  .Quad
50.000  10.000  0. -2.68  0.  0.  0.  0.  0.  0.  0.  0.
0.000   0.00   0.  1.00  0.  0.  0.  0.  0.  0.  0.
6  0.1122 6.2671 -1.4982 3.5882 -2.1209 1.723
0.000   0.00   0.  1.00  0.  0.  0.  0.  0.  0.  0.
6  0.1122 6.2671 -1.4982 3.5882 -2.1209 1.723
0.  0.  0.  0.  0.  0.  0.  0.  0.  0.
2.0  ! cm
1  0.  0.  0.
 'DRIFT'                                                                                                     15
45.000
 'CHANGREF'                                                                                                  16
0.  0.  -18.
 'BEND'     SBEND  B                                                                                         17
0  .Bend
250.774920140843  0.   12.
0. 0. 0. ! bend-fringe
4  0.2401  1.8639  -0.5572  0.3904  0.  0.
0. 0. 0. ! bend-fringe
4  0.2401  1.8639  -0.5572  0.3904  0.  0.
0.5  ! dS-bend / cm
1  0.  0.  0.
 'CHANGREF'                                                                                                  18
0.  0.  -18.
 'DRIFT'                                                                                                     19
45.000
 'MULTIPOL'  QUAD  QF                                                                                        20
0  .Quad
50.000  10.000  0.  1.95  0.  0.  0.  0.  0.  0.  0.  0.
0.000   0.00   0.  1.00  0.  0.  0.  0.  0.  0.  0.
6  0.1122 6.2671 -1.4982 3.5882 -2.1209 1.723
0.000   0.00   0.  1.00  0.  0.  0.  0.  0.  0.  0.
6  0.1122 6.2671 -1.4982 3.5882 -2.1209 1.723
0.  0.  0.  0.  0.  0.  0.  0.  0.  0.
2.0  ! cm
1 0. 0. 0.
 'DRIFT'                                                                                                     21
30.000
 'MULTIPOL'  SEXT  SF                                                                                        22
0  .Sext
50.000  10.000  0.  0.  0.16  0.  0.  0.  0.  0.  0.  0.
0.000   0.00   0.  0.  1.00  0.  0.  0.  0.  0.  0.
6  0.1122 6.2671 -1.4982 3.5882 -2.1209 1.723
0.000   0.00   0.  0.  1.00  0.  0.  0.  0.  0.  0.
6  0.1122 6.2671 -1.4982 3.5882 -2.1209 1.723
0.  0.  0.  0.  0.  0.  0.  0.  0.  0.
2.0  ! cm
1  0.  0.  0.
 'DRIFT'                                                                                                     23
148.646
 
!--- cell L ---
 'DRIFT'                                                                                                     24
148.646
 'MULTIPOL'  SEXT  SD                                                                                        25
0  .Sext
50.000  10.000  0.  0. -0.24  0.  0.  0.  0.  0.  0.  0.
0.000   0.00   0.  0.  1.00  0.  0.  0.  0.  0.  0.
6  0.1122 6.2671 -1.4982 3.5882 -2.1209 1.723
0.000   0.00   0.  0.  1.00  0.  0.  0.  0.  0.  0.
6  0.1122 6.2671 -1.4982 3.5882 -2.1209 1.723
0.  0.  0.  0.  0.  0.  0.  0.  0.  0.
2.0  ! cm
1  0.  0.  0.
 'DRIFT'                                                                                                     26
30.000
 'MULTIPOL'  QUAD  QD                                                                                        27
0  .Quad
50.000  10.000  0. -2.68  0.  0.  0.  0.  0.  0.  0.  0.
0.000   0.00   0.  1.00  0.  0.  0.  0.  0.  0.  0.
6  0.1122 6.2671 -1.4982 3.5882 -2.1209 1.723
0.000   0.00   0.  1.00  0.  0.  0.  0.  0.  0.  0.
6  0.1122 6.2671 -1.4982 3.5882 -2.1209 1.723
0.  0.  0.  0.  0.  0.  0.  0.  0.  0.
2.0  ! cm
1  0.  0.  0.
 'DRIFT'                                                                                                     28
45.000
 'CHANGREF'                                                                                                  29
0.  0.  -18.
 'BEND'     SBEND  B                                                                                         30
0  .Bend
250.774920140843  0.   12.
0. 0. 0. ! bend-fringe
4  0.2401  1.8639  -0.5572  0.3904  0.  0.
0. 0. 0. ! bend-fringe
4  0.2401  1.8639  -0.5572  0.3904  0.  0.
0.5  ! dS-bend / cm
1  0.  0.  0.
 'CHANGREF'                                                                                                  31
0.  0.  -18.
 'DRIFT'                                                                                                     32
45.000
 'MULTIPOL'  QUAD  QF                                                                                        33
0  .Quad
50.000  10.000  0.  1.95  0.  0.  0.  0.  0.  0.  0.  0.
0.000   0.00   0.  1.00  0.  0.  0.  0.  0.  0.  0.
6  0.1122 6.2671 -1.4982 3.5882 -2.1209 1.723
0.000   0.00   0.  1.00  0.  0.  0.  0.  0.  0.  0.
6  0.1122 6.2671 -1.4982 3.5882 -2.1209 1.723
0.  0.  0.  0.  0.  0.  0.  0.  0.  0.
2.0  ! cm
1 0. 0. 0.
 'DRIFT'                                                                                                     34
228.646
 
!--- cell 0 ---
 'DRIFT'                                                                                                     35
228.646
 'MULTIPOL'  QUAD  QD                                                                                        36
0  .Quad
50.000  10.000  0. -2.68  0.  0.  0.  0.  0.  0.  0.  0.
0.000   0.00   0.  1.00  0.  0.  0.  0.  0.  0.  0.
6  0.1122 6.2671 -1.4982 3.5882 -2.1209 1.723
0.000   0.00   0.  1.00  0.  0.  0.  0.  0.  0.  0.
6  0.1122 6.2671 -1.4982 3.5882 -2.1209 1.723
0.  0.  0.  0.  0.  0.  0.  0.  0.  0.
2.0  ! cm
1  0.  0.  0.
 'DRIFT'                                                                                                     37
45.000
 'CHANGREF'                                                                                                  38
0.  0.  -18.
 'BEND'     SBEND  B                                                                                         39
0  .Bend
250.774920140843  0.   12.
0. 0. 0. ! bend-fringe
4  0.2401  1.8639  -0.5572  0.3904  0.  0.
0. 0. 0. ! bend-fringe
4  0.2401  1.8639  -0.5572  0.3904  0.  0.
0.5  ! dS-bend / cm
1  0.  0.  0.
 'CHANGREF'                                                                                                  40
0.  0.  -18.
 'DRIFT'                                                                                                     41
45.000
 'MULTIPOL'  QUAD  QF                                                                                        42
0  .Quad
50.000  10.000  0.  1.95  0.  0.  0.  0.  0.  0.  0.  0.
0.000   0.00   0.  1.00  0.  0.  0.  0.  0.  0.  0.
6  0.1122 6.2671 -1.4982 3.5882 -2.1209 1.723
0.000   0.00   0.  1.00  0.  0.  0.  0.  0.  0.  0.
6  0.1122 6.2671 -1.4982 3.5882 -2.1209 1.723
0.  0.  0.  0.  0.  0.  0.  0.  0.  0.
2.0  ! cm
1 0. 0. 0.
 'DRIFT'                                                                                                     43
228.646
 
!--- cell 0 ---
 'DRIFT'                                                                                                     44
228.646
 'MULTIPOL'  QUAD  QD                                                                                        45
0  .Quad
50.000  10.000  0. -2.68  0.  0.  0.  0.  0.  0.  0.  0.
0.000   0.00   0.  1.00  0.  0.  0.  0.  0.  0.  0.
6  0.1122 6.2671 -1.4982 3.5882 -2.1209 1.723
0.000   0.00   0.  1.00  0.  0.  0.  0.  0.  0.  0.
6  0.1122 6.2671 -1.4982 3.5882 -2.1209 1.723
0.  0.  0.  0.  0.  0.  0.  0.  0.  0.
2.0  ! cm
1  0.  0.  0.
 'DRIFT'                                                                                                     46
45.000
 'CHANGREF'                                                                                                  47
0.  0.  -18.
 'BEND'     SBEND  B                                                                                         48
0  .Bend
250.774920140843  0.   12.
0. 0. 0. ! bend-fringe
4  0.2401  1.8639  -0.5572  0.3904  0.  0.
0. 0. 0. ! bend-fringe
4  0.2401  1.8639  -0.5572  0.3904  0.  0.
0.5  ! dS-bend / cm
1  0.  0.  0.
 'CHANGREF'                                                                                                  49
0.  0.  -18.
 'DRIFT'                                                                                                     50
45.000
 'MULTIPOL'  QUAD  QF                                                                                        51
0  .Quad
50.000  10.000  0.  1.95  0.  0.  0.  0.  0.  0.  0.  0.
0.000   0.00   0.  1.00  0.  0.  0.  0.  0.  0.  0.
6  0.1122 6.2671 -1.4982 3.5882 -2.1209 1.723
0.000   0.00   0.  1.00  0.  0.  0.  0.  0.  0.  0.
6  0.1122 6.2671 -1.4982 3.5882 -2.1209 1.723
0.  0.  0.  0.  0.  0.  0.  0.  0.  0.
2.0  ! cm
1 0. 0. 0.
 'DRIFT'                                                                                                     52
228.646
 
!--- cell 0 ---
 'DRIFT'                                                                                                     53
228.646
 'MULTIPOL'  QUAD  QD                                                                                        54
0  .Quad
50.000  10.000  0. -2.68  0.  0.  0.  0.  0.  0.  0.  0.
0.000   0.00   0.  1.00  0.  0.  0.  0.  0.  0.  0.
6  0.1122 6.2671 -1.4982 3.5882 -2.1209 1.723
0.000   0.00   0.  1.00  0.  0.  0.  0.  0.  0.  0.
6  0.1122 6.2671 -1.4982 3.5882 -2.1209 1.723
0.  0.  0.  0.  0.  0.  0.  0.  0.  0.
2.0  ! cm
1  0.  0.  0.
 'DRIFT'                                                                                                     55
45.000
 'CHANGREF'                                                                                                  56
0.  0.  -18.
 'BEND'     SBEND  B                                                                                         57
0  .Bend
250.774920140843  0.   12.
0. 0. 0. ! bend-fringe
4  0.2401  1.8639  -0.5572  0.3904  0.  0.
0. 0. 0. ! bend-fringe
4  0.2401  1.8639  -0.5572  0.3904  0.  0.
0.5  ! dS-bend / cm
1  0.  0.  0.
 'CHANGREF'                                                                                                  58
0.  0.  -18.
 'DRIFT'                                                                                                     59
45.000
 'MULTIPOL'  QUAD  QF                                                                                        60
0  .Quad
50.000  10.000  0.  1.95  0.  0.  0.  0.  0.  0.  0.  0.
0.000   0.00   0.  1.00  0.  0.  0.  0.  0.  0.  0.
6  0.1122 6.2671 -1.4982 3.5882 -2.1209 1.723
0.000   0.00   0.  1.00  0.  0.  0.  0.  0.  0.  0.
6  0.1122 6.2671 -1.4982 3.5882 -2.1209 1.723
0.  0.  0.  0.  0.  0.  0.  0.  0.  0.
2.0  ! cm
1 0. 0. 0.
 'DRIFT'                                                                                                     61
228.646
 
!--- cell T ---
 'DRIFT'                                                                                                     62
228.646
 'MULTIPOL'  QUAD  QD                                                                                        63
0  .Quad
50.000  10.000  0. -2.68  0.  0.  0.  0.  0.  0.  0.  0.
0.000   0.00   0.  1.00  0.  0.  0.  0.  0.  0.  0.
6  0.1122 6.2671 -1.4982 3.5882 -2.1209 1.723
0.000   0.00   0.  1.00  0.  0.  0.  0.  0.  0.  0.
6  0.1122 6.2671 -1.4982 3.5882 -2.1209 1.723
0.  0.  0.  0.  0.  0.  0.  0.  0.  0.
2.0  ! cm
1  0.  0.  0.
 'DRIFT'                                                                                                     64
45.000
 'CHANGREF'                                                                                                  65
0.  0.  -18.
 'BEND'     SBEND  B                                                                                         66
0  .Bend
250.774920140843  0.   12.
0. 0. 0. ! bend-fringe
4  0.2401  1.8639  -0.5572  0.3904  0.  0.
0. 0. 0. ! bend-fringe
4  0.2401  1.8639  -0.5572  0.3904  0.  0.
0.5  ! dS-bend / cm
1  0.  0.  0.
 'CHANGREF'                                                                                                  67
0.  0.  -18.
 'DRIFT'                                                                                                     68
45.000
 'MULTIPOL'  QUAD  QF                                                                                        69
0  .Quad
50.000  10.000  0.  1.95  0.  0.  0.  0.  0.  0.  0.  0.
0.000   0.00   0.  1.00  0.  0.  0.  0.  0.  0.  0.
6  0.1122 6.2671 -1.4982 3.5882 -2.1209 1.723
0.000   0.00   0.  1.00  0.  0.  0.  0.  0.  0.  0.
6  0.1122 6.2671 -1.4982 3.5882 -2.1209 1.723
0.  0.  0.  0.  0.  0.  0.  0.  0.  0.
2.0  ! cm
1 0. 0. 0.
 'DRIFT'                                                                                                     70
30.000
 'MULTIPOL'  SEXT  SF                                                                                        71
0  .Sext
50.000  10.000  0.  0.  0.16  0.  0.  0.  0.  0.  0.  0.
0.000   0.00   0.  0.  1.00  0.  0.  0.  0.  0.  0.
6  0.1122 6.2671 -1.4982 3.5882 -2.1209 1.723
0.000   0.00   0.  0.  1.00  0.  0.  0.  0.  0.  0.
6  0.1122 6.2671 -1.4982 3.5882 -2.1209 1.723
0.  0.  0.  0.  0.  0.  0.  0.  0.  0.
2.0  ! cm
1  0.  0.  0.
 'DRIFT'                                                                                                     72
148.646
 
!--- cell L ---
 'DRIFT'                                                                                                     73
148.646
 'MULTIPOL'  SEXT  SD                                                                                        74
0  .Sext
50.000  10.000  0.  0. -0.24  0.  0.  0.  0.  0.  0.  0.
0.000   0.00   0.  0.  1.00  0.  0.  0.  0.  0.  0.
6  0.1122 6.2671 -1.4982 3.5882 -2.1209 1.723
0.000   0.00   0.  0.  1.00  0.  0.  0.  0.  0.  0.
6  0.1122 6.2671 -1.4982 3.5882 -2.1209 1.723
0.  0.  0.  0.  0.  0.  0.  0.  0.  0.
2.0  ! cm
1  0.  0.  0.
 'DRIFT'                                                                                                     75
30.000
 'MULTIPOL'  QUAD  QD                                                                                        76
0  .Quad
50.000  10.000  0. -2.68  0.  0.  0.  0.  0.  0.  0.  0.
0.000   0.00   0.  1.00  0.  0.  0.  0.  0.  0.  0.
6  0.1122 6.2671 -1.4982 3.5882 -2.1209 1.723
0.000   0.00   0.  1.00  0.  0.  0.  0.  0.  0.  0.
6  0.1122 6.2671 -1.4982 3.5882 -2.1209 1.723
0.  0.  0.  0.  0.  0.  0.  0.  0.  0.
2.0  ! cm
1  0.  0.  0.
 'DRIFT'                                                                                                     77
45.000
 'CHANGREF'                                                                                                  78
0.  0.  -18.
 'BEND'     SBEND  B                                                                                         79
0  .Bend
250.774920140843  0.   12.
0. 0. 0. ! bend-fringe
4  0.2401  1.8639  -0.5572  0.3904  0.  0.
0. 0. 0. ! bend-fringe
4  0.2401  1.8639  -0.5572  0.3904  0.  0.
0.5  ! dS-bend / cm
1  0.  0.  0.
 'CHANGREF'                                                                                                  80
0.  0.  -18.
 'DRIFT'                                                                                                     81
45.000
 'MULTIPOL'  QUAD  QF                                                                                        82
0  .Quad
50.000  10.000  0.  1.95  0.  0.  0.  0.  0.  0.  0.  0.
0.000   0.00   0.  1.00  0.  0.  0.  0.  0.  0.  0.
6  0.1122 6.2671 -1.4982 3.5882 -2.1209 1.723
0.000   0.00   0.  1.00  0.  0.  0.  0.  0.  0.  0.
6  0.1122 6.2671 -1.4982 3.5882 -2.1209 1.723
0.  0.  0.  0.  0.  0.  0.  0.  0.  0.
2.0  ! cm
1 0. 0. 0.
 'DRIFT'                                                                                                     83
228.646
 
!--- cell 0 ---
 'DRIFT'                                                                                                     84
228.646
 'MULTIPOL'  QUAD  QD                                                                                        85
0  .Quad
50.000  10.000  0. -2.68  0.  0.  0.  0.  0.  0.  0.  0.
0.000   0.00   0.  1.00  0.  0.  0.  0.  0.  0.  0.
6  0.1122 6.2671 -1.4982 3.5882 -2.1209 1.723
0.000   0.00   0.  1.00  0.  0.  0.  0.  0.  0.  0.
6  0.1122 6.2671 -1.4982 3.5882 -2.1209 1.723
0.  0.  0.  0.  0.  0.  0.  0.  0.  0.
2.0  ! cm
1  0.  0.  0.
 'DRIFT'                                                                                                     86
45.000
 'CHANGREF'                                                                                                  87
0.  0.  -18.
 'BEND'     SBEND  B                                                                                         88
0  .Bend
250.774920140843  0.   12.
0. 0. 0. ! bend-fringe
4  0.2401  1.8639  -0.5572  0.3904  0.  0.
0. 0. 0. ! bend-fringe
4  0.2401  1.8639  -0.5572  0.3904  0.  0.
0.5  ! dS-bend / cm
1  0.  0.  0.
 'CHANGREF'                                                                                                  89
0.  0.  -18.
 'DRIFT'                                                                                                     90
45.000
 'MULTIPOL'  QUAD  QF                                                                                        91
0  .Quad
50.000  10.000  0.  1.95  0.  0.  0.  0.  0.  0.  0.  0.
0.000   0.00   0.  1.00  0.  0.  0.  0.  0.  0.  0.
6  0.1122 6.2671 -1.4982 3.5882 -2.1209 1.723
0.000   0.00   0.  1.00  0.  0.  0.  0.  0.  0.  0.
6  0.1122 6.2671 -1.4982 3.5882 -2.1209 1.723
0.  0.  0.  0.  0.  0.  0.  0.  0.  0.
2.0  ! cm
1 0. 0. 0.
 'DRIFT'                                                                                                     92
228.646
 
!--- cell 0 ---
 'DRIFT'                                                                                                     93
228.646
 'MULTIPOL'  QUAD  QD                                                                                        94
0  .Quad
50.000  10.000  0. -2.68  0.  0.  0.  0.  0.  0.  0.  0.
0.000   0.00   0.  1.00  0.  0.  0.  0.  0.  0.  0.
6  0.1122 6.2671 -1.4982 3.5882 -2.1209 1.723
0.000   0.00   0.  1.00  0.  0.  0.  0.  0.  0.  0.
6  0.1122 6.2671 -1.4982 3.5882 -2.1209 1.723
0.  0.  0.  0.  0.  0.  0.  0.  0.  0.
2.0  ! cm
1  0.  0.  0.
 'DRIFT'                                                                                                     95
45.000
 'CHANGREF'                                                                                                  96
0.  0.  -18.
 'BEND'     SBEND  B                                                                                         97
0  .Bend
250.774920140843  0.   12.
0. 0. 0. ! bend-fringe
4  0.2401  1.8639  -0.5572  0.3904  0.  0.
0. 0. 0. ! bend-fringe
4  0.2401  1.8639  -0.5572  0.3904  0.  0.
0.5  ! dS-bend / cm
1  0.  0.  0.
 'CHANGREF'                                                                                                  98
0.  0.  -18.
 'DRIFT'                                                                                                     99
45.000
 'MULTIPOL'  QUAD  QF                                                                                       100
0  .Quad
50.000  10.000  0.  1.95  0.  0.  0.  0.  0.  0.  0.  0.
0.000   0.00   0.  1.00  0.  0.  0.  0.  0.  0.  0.
6  0.1122 6.2671 -1.4982 3.5882 -2.1209 1.723
0.000   0.00   0.  1.00  0.  0.  0.  0.  0.  0.  0.
6  0.1122 6.2671 -1.4982 3.5882 -2.1209 1.723
0.  0.  0.  0.  0.  0.  0.  0.  0.  0.
2.0  ! cm
1 0. 0. 0.
 'DRIFT'                                                                                                    101
228.646
!==============================
 
 'FIT2'                                                                                                     102
2  save
1 30 0 [-1.,+1.]
1 31 0 [-100.,+100.]
2  1.D-11  9999
3.1  1  2  #End 0. 1. 0   ! Yf = Yi
3.1  1  3  #End 0. 1. 0   ! Tf = Ti
 
 'MATRIX'                                                                                                   103
1 11  PRINT
 
 'REBELOTE'                                                                                                 104
4 1.1 0 1
1
OBJET 35  1.001  0.999  1.0001  0.9999
 
 'END'                                                                                                      105
