KEK 150MeV radial scaling FFA
'OBJET'
1.839089852668e+03
5.8
1E-4 1E-3 1E-4 1E-3 1E-3 1E-3
442.9875929615617 2.386261913302348e-08 0 0 0 0.2613492370235746 ' '
460.707511196757 -5.013867901860651e-08 0 0 0 0.36687077459163536 ' '
474.3932567996314 -8.379416878329184e-08 0 0 0 0.4723923121596961 ' '
485.60769963153444 -8.81986930895617e-08 0 0 0 0.5779138497277568 ' '
495.1428625098331 -1.1039146190291185e-07 0 0 0 0.6834353872958178 ' '
503.4580211549308 -1.3856365777610592e-07 0 0 0 0.7889569248638785 ' '
510.84428208185363 -1.5649646154703395e-07 0 0 0 0.8944784624319392 ' '
517.498257090006 -1.7196220340300696e-07 0.0 0.0 0.0 1.0 ' '


'PARTICUL'  
9.382720300000e+02 1.602176487000e-19 1.792847350500e+00 0.000000000000e+00 0.000000000000e+00

'FFAG' ffag_trip 
0
3 30 540
6.465 0.0 -12.17446910000 7.6
6.3 -1
4 1.455e-01 2.267 -6.395e-01 1.1558 0.0 0.0 0.0
1.715 0.0 1e+06 -1e+06 1e+06 1e+06
6.3 -1
4 1.455e-01 2.267 -6.395e-01 1.1558 0.0 0.0 0.0
-1.715 0.0 1e+06 -1e+06 1e+06 1e+06
0.0 -1.0
0 0.0 0.0 0.0 0.0 0.0 0.0 0.0
0.0 0.0 0.0 0.0 0.0 0.0 
1.5e+01 0.0 1.690558730000e+01 7.6
6.3 -1
4 1.455e-01 2.267 -6.395e-01 1.1558 0.0 0.0 0.0
5.12 0.0 1e+06 -1e+06 1e+06 1e+06
6.3 -1
4 1.455e-01 2.267 -6.395e-01 1.1558 0.0 0.0 0.0
-5.12 0.0 1e+06 -1e+06 1e+06 1e+06
0.0 -1.0
0 0.0 0.0 0.0 0.0 0.0 0.0 0.0
0.0 0.0 0.0 0.0 0.0 0.0 
2.3535e+01 0.0 -1.217446910000e+01 7.6
6.3 -1
4 1.455e-01 2.267 -6.395e-01 1.1558 0.0 0.0 0.0
1.715 0.0 1e+06 -1e+06 1e+06 1e+06
6.3 -1
4 1.455e-01 2.267 -6.395e-01 1.1558 0.0 0.0 0.0
-1.715 0.0 1e+06 -1e+06 1e+06 1e+06
0.0 -1.0
0 0.0 0.0 0.0 0.0 0.0 0.0 0.0
0.0 0.0 0.0 0.0 0.0 0.0 
0 2
0.1
2 0.0 0.0 0.0 0.0

'FAISCNL'  
zgoubi.fai

'MATRIX'  
1 11

'END' 
