hrsdesir U180_V6t4                                                      
 'OBJET' 				
  405.179    (Sn132+, 60 KeV)                                   
  5
 0.001  0.001  0.001  0.001  .001  .0001
 0.  0.  0.  0.  0.  1. 
'PARTICUL'                            
  122957.21  1.602176487E-19 0.0 0.0 0.0
'QUADRUPO'              MQ0           
  0
  0.000001 2. 0.000000000001
  0. 0.
  6 0.0 0.0 0.0 0.0 0.0 0.0
  0. 0.
  6 0.0 0.0 0.0 0.0 0.0 0.0
  1.
  1  0. 0. 0.
'DRIFT'  				
  42.	
  'ELMULT'		MQ1		
  0
  18.5 2. 0. -633.669737 0. 0. 0. 0. 0. 0. 0. 0.
  2. 2. 1. 0. 0. 0. 0. 0. 0. 0. 0.
  6  .296471 4.533219 -2.270982 1.068627 -0.036391 0.022261
  2. 2. 1. 0. 0. 0. 0. 0. 0. 0. 0.
  6  .296471 4.533219 -2.270982 1.068627 -0.036391 0.022261
  0. 0. 0. 0. 0. 0. 0. 0. 0. 0.
  #60|30|60
  1  0. 0. 0.
  'DRIFT'  				
  10.00
'ELMULT'		MQ2		
  0
  18.5 2. 0. 635.883356  0. 0. 0. 0. 0. 0. 0. 0.
  2. 2. 1. 0. 0. 0. 0. 0. 0. 0. 0.
  6  .296471 4.533219 -2.270982 1.068627 -0.036391 0.022261
  2. 2. 1. 0. 0. 0. 0. 0. 0. 0. 0.
  6  .296471 4.533219 -2.270982 1.068627 -0.036391 0.022261
  0. 0. 0. 0. 0. 0. 0. 0. 0. 0.
  #60|30|60 
  1 0. 0. 0.
'DRIFT'  				
  27.5
'MATRIX'				
1  0
'DRIFT'					
27.5
'ELMULT'        SEX1			
  0
  11. 2. 0. 0. 0.  0. 0. 0. 0. 0. 0. 0.
  2. 2. 1. 0. 0. 0. 0. 0. 0. 0. 0.
  6  .296471 4.533219 -2.270982 1.068627 -0.036391 0.022261
  2. 2. 1. 0. 0. 0. 0. 0. 0. 0. 0.
  6  .296471 4.533219 -2.270982 1.068627 -0.036391 0.022261
  0. 0. 0. 0. 0. 0. 0. 0. 0. 0.
  #60|30|60
  1 0. 0. 0.
'DRIFT'				
  6.0
'ELMULT'            FQ1		
  0
  22. 4. 0. -301.758811  0. 0. 0. 0. 0. 0. 0. 0.
  2. 2. 1. 0. 0. 0. 0. 0. 0. 0. 0.
  6  .296471 4.533219 -2.270982 1.068627 -0.036391 0.022261
  2. 2. 1. 0. 0. 0. 0. 0. 0. 0. 0.
  6  .296471 4.533219 -2.270982 1.068627 -0.036391 0.022261
  0. 0. 0. 0. 0. 0. 0. 0. 0. 0.
  #60|30|60
  1 0. 0. 0.
  'DRIFT'			
  -70.70932
'CHANGREF'
0.  -14.2899 -45.
'TOSCA'				
  0 0
8.416877353 0.1 0.1 0.1
HEADER_0 tmag52
401 241
tmag52.map
0 0. 0. 0.
2
0.1
2 0. 0. 0.  
'CHANGREF'
0. 20.208932 -45.
'MATRIX'
1 0
'DRIFT'
56.42
'ELMULT'	  MULT		
  0
  30. 20. 0. 0. 0.0001 0. 0. 0. 0. 0. 0. 0.
  2. 2. 1. 0. 0. 0. 0. 0. 0. 0. 0.
  6  .296471 4.533219 -2.270982 1.068627 -0.036391 0.022261
  2. 2. 1. 0. 0. 0. 0. 0. 0. 0. 0.
  6  .296471 4.533219 -2.270982 1.068627 -0.036391 0.022261
  0. 0. 0. 0. 0. 0. 0. 0. 0. 0.
  #60|30|60
  1 0. 0. 0.
'DRIFT'				
 4.39
'MATRIX'
1 0
'CHANGREF'
0. -14.2899 -45.
'TOSCA'
0 0
8.416877353 0.1 0.1 0.1
HEADER_0 tmag52
401  241
tmag52.map
0 0. 0. 0.
2
0.1
2 0. 0. 0.
'CHANGREF'
0. 20.208932 -45.
'DRIFT'
56.42
'MATRIX'
1 0
'ELMULT'            FQ2         
  0
  22. 4. 0. -301.758811  0. 0. 0. 0. 0. 0. 0. 0.
  2. 2. 1. 0. 0. 0. 0. 0. 0. 0. 0.
  6  .296471 4.533219 -2.270982 1.068627 -0.036391 0.022261
  2. 2. 1. 0. 0. 0. 0. 0. 0. 0. 0.
  6  .296471 4.533219 -2.270982 1.068627 -0.036391 0.022261
  0. 0. 0. 0. 0. 0. 0. 0. 0. 0.
  #60|30|60
  1 0. 0. 0.
'MATRIX'
1 0
'DRIFT'				
  6.0
'ELMULT'	  SEX2		
  0
  11. 2. 0. 0. 0. 0. 0. 0. 0. 0. 0. 0.
  2. 2. 1. 0. 0. 0. 0. 0. 0. 0. 0.
  6  .296471 4.533219 -2.270982 1.068627 -0.036391 0.022261
  2. 2. 1. 0. 0. 0. 0. 0. 0. 0. 0.
  6  .296471 4.533219 -2.270982 1.068627 -0.036391 0.022261
  0. 0. 0. 0. 0. 0. 0. 0. 0. 0.
  #60|30|60
  1 0. 0. 0.
'DRIFT'				
  27.5  
'DRIFT'  			
  27.5
'MATRIX'
1 0
'ELMULT'                MQ3     
  0
  18.5 2. 0. 635.883356  0. 0. 0. 0. 0. 0. 0. 0.
  2. 2. 1. 0. 0. 0. 0. 0. 0. 0. 0.
  6  .296471 4.533219 -2.270982 1.068627 -0.036391 0.022261
  2. 2. 1. 0. 0. 0. 0. 0. 0. 0. 0.
  6  .296471 4.533219 -2.270982 1.068627 -0.036391 0.022261
  0. 0. 0. 0. 0. 0. 0. 0. 0. 0.
  #60|30|60
  1 0. 0. 0.
'DRIFT'  			
  10.00
'ELMULT'              MQ4       
  0
  18.5 2. 0. -633.669737 0. 0. 0. 0. 0. 0. 0. 0.
  2. 2. 1. 0. 0. 0. 0. 0. 0. 0. 0.
  6  .296471 4.533219 -2.270982 1.068627 -0.036391 0.022261
  2. 2. 1. 0. 0. 0. 0. 0. 0. 0. 0.
  6  .296471 4.533219 -2.270982 1.068627 -0.036391 0.022261
  0. 0. 0. 0. 0. 0. 0. 0. 0. 0.
  #60|30|60
  1  0. 0. 0.
'DRIFT'  			
  42.	
'MATRIX'
1 0
'QUADRUPO'
  0
  0.000001 2. 0.000000000001
  0. 0.
  6 0.0 0.0 0.0 0.0 0.0 0.0
  0. 0.
  6 0.0 0.0 0.0 0.0 0.0 0.0
  1.
  1  0. 0. 0.
'END'
'FIT'
3                                                                                                             
15 2 0 1.1                                                                                                     
16 10 0 1.1                                                                                                    
17 2 0 1.1                                                                                                  
3                                                                                                            
3 1 6 19 333.51768 0.1 0                                                                                       
3 1 2 19 0. 0.1 0                                                                                              
3 1 3 19 0. 0.1 0 
'END' 
'FIT'
  3
  5  5 37.05  1.1
  7  5 35.05  1.1
  13  5 28.05 1.1
  2
1  1  2 38  0.    1.0  0
1  3  4 38  0.   1.0  0
'END'
'FIT'
  1
  20  6 0  3.
  1
2  1  22 38  0.   1.0  0
'FIN'
'END'
'FIT'
  1
  20  6 0 8.
  1
2  1  22 38  0.   1.0  0
'END'


